[0m [0m [0m [0m [0m [0m [38;2;12;14;1m[48;2;13;13;11m▀[38;2;33;34;20m[48;2;157;159;137m▀[38;2;15;16;18m[48;2;97;108;104m▀[38;2;163;157;141m[48;2;234;227;211m▀[38;2;44;51;43m[48;2;230;227;210m▀[38;2;165;172;156m[48;2;241;240;220m▀[38;2;226;222;210m[48;2;181;173;152m▀[38;2;190;192;171m[48;2;233;230;215m▀[38;2;96;78;54m[48;2;146;137;119m▀[38;2;67;58;41m[48;2;231;228;211m▀[38;2;229;223;207m[48;2;246;243;226m▀[38;2;249;246;231m[48;2;249;246;231m▀[38;2;248;245;226m[48;2;250;247;232m▀[38;2;227;219;196m[48;2;228;225;208m▀[38;2;182;170;144m[48;2;217;212;193m▀[38;2;93;78;59m[48;2;244;241;226m▀[38;2;153;163;152m[48;2;253;251;238m▀[38;2;30;26;17m[48;2;207;197;170m▀[38;2;124;130;102m[48;2;238;232;218m▀[38;2;144;132;108m[48;2;232;230;217m▀[38;2;71;70;68m[48;2;200;195;176m▀[38;2;181;185;170m[48;2;156;159;138m▀[38;2;61;63;42m[48;2;115;118;97m▀[0m [0m [0m [0m [0m [0m [0m [0m
[0m [0m [0m [0m [0m [0m [38;2;59;65;53m[48;2;79;84;78m▀[38;2;163;167;144m[48;2;163;166;145m▀[38;2;119;117;102m[48;2;120;119;99m▀[38;2;151;153;132m[48;2;232;229;214m▀[38;2;227;224;207m[48;2;241;238;219m▀[38;2;240;237;220m[48;2;245;242;227m▀[38;2;240;237;220m[48;2;252;249;232m▀[38;2;242;239;222m[48;2;249;246;229m▀[38;2;240;237;220m[48;2;230;229;211m▀[38;2;207;208;190m[48;2;203;201;180m▀[38;2;239;236;217m[48;2;47;19;16m▀[38;2;227;196;178m[48;2;59;30;26m▀[38;2;197;191;179m[48;2;45;28;21m▀[38;2;238;236;223m[48;2;32;20;20m▀[38;2;239;236;217m[48;2;201;202;184m▀[38;2;248;245;228m[48;2;243;240;223m▀[38;2;240;237;220m[48;2;251;248;231m▀[38;2;238;235;218m[48;2;245;242;227m▀[38;2;232;229;214m[48;2;249;246;231m▀[38;2;244;242;221m[48;2;223;220;201m▀[38;2;237;234;215m[48;2;232;229;214m▀[38;2;127;128;110m[48;2;194;196;175m▀[38;2;57;56;52m[48;2;86;89;72m▀[0m [0m [0m [0m [0m [0m [0m [0m
[0m [0m [0m [0m [0m [0m [38;2;156;166;157m[48;2;34;43;40m▀[38;2;42;49;41m[48;2;16;25;22m▀[38;2;155;154;134m[48;2;158;166;151m▀[38;2;181;184;163m[48;2;113;117;102m▀[38;2;235;237;216m[48;2;240;242;229m▀[38;2;233;230;213m[48;2;195;196;180m▀[38;2;242;239;222m[48;2;177;180;163m▀[38;2;199;197;182m[48;2;127;136;119m▀[38;2;229;226;207m[48;2;114;121;103m▀[38;2;21;23;22m[48;2;51;64;54m▀[38;2;12;12;12m[48;2;69;81;77m▀[38;2;29;20;15m[48;2;41;56;53m▀[38;2;32;22;20m[48;2;49;64;57m▀[38;2;12;13;15m[48;2;32;37;33m▀[38;2;37;42;36m[48;2;78;94;83m▀[38;2;122;132;108m[48;2;214;217;198m▀[38;2;244;242;227m[48;2;185;189;175m▀[38;2;238;235;218m[48;2;180;183;166m▀[38;2;232;229;212m[48;2;184;182;167m▀[38;2;201;198;181m[48;2;188;191;172m▀[38;2;179;181;160m[48;2;100;106;102m▀[38;2;182;185;164m[48;2;229;233;219m▀[38;2;37;40;29m[48;2;32;34;29m▀[0m [0m [0m [0m [0m [0m [0m [0m
[0m [0m [0m [0m [0m [0m [38;2;16;18;17m[48;2;11;13;12m▀[38;2;186;189;172m[48;2;146;150;133m▀[38;2;123;134;126m[48;2;16;27;21m▀[38;2;115;125;117m[48;2;15;28;21m▀[38;2;54;61;53m[48;2;35;47;45m▀[38;2;117;126;109m[48;2;121;133;121m▀[38;2;189;192;175m[48;2;159;171;151m▀[38;2;86;100;85m[48;2;213;212;192m▀[38;2;205;202;183m[48;2;236;231;211m▀[38;2;195;194;174m[48;2;230;225;205m▀[38;2;141;144;127m[48;2;165;98;82m▀[38;2;156;159;142m[48;2;145;69;53m▀[38;2;133;136;119m[48;2;118;46;34m▀[38;2;205;207;185m[48;2;171;85;70m▀[38;2;177;174;155m[48;2;241;236;217m▀[38;2;227;224;207m[48;2;236;233;216m▀[38;2;87;107;95m[48;2;191;200;183m▀[38;2;144;151;133m[48;2;118;136;122m▀[38;2;177;189;179m[48;2;91;107;96m▀[38;2;171;179;164m[48;2;75;95;86m▀[38;2;65;76;68m[48;2;118;122;105m▀[38;2;93;102;97m[48;2;166;176;165m▀[38;2;32;34;31m[48;2;219;222;213m▀[0m [0m [0m [0m [0m [0m [0m [0m
[0m [0m [0m [0m [0m [0m [38;2;14;15;17m[48;2;13;15;14m▀[38;2;28;39;31m[48;2;20;29;26m▀[38;2;126;136;125m[48;2;59;71;67m▀[38;2;127;140;131m[48;2;18;31;22m▀[38;2;83;98;95m[48;2;65;80;75m▀[38;2;142;158;148m[48;2;144;159;152m▀[38;2;45;63;51m[48;2;85;99;86m▀[38;2;133;131;108m[48;2;86;81;59m▀[38;2;96;24;27m[48;2;21;17;14m▀[38;2;26;18;15m[48;2;20;21;15m▀[38;2;19;15;14m[48;2;13;8;12m▀[38;2;21;16;13m[48;2;127;116;84m▀[38;2;19;13;13m[48;2;107;92;59m▀[38;2;16;15;13m[48;2;65;53;29m▀[38;2;19;14;8m[48;2;43;47;32m▀[38;2;118;45;38m[48;2;28;20;17m▀[38;2;188;189;171m[48;2;144;145;129m▀[38;2;64;84;75m[48;2;40;63;57m▀[38;2;98;110;100m[48;2;47;63;53m▀[38;2;35;49;49m[48;2;24;40;37m▀[38;2;140;151;137m[48;2;32;38;36m▀[38;2;176;189;179m[48;2;111;125;112m▀[38;2;57;70;60m[48;2;67;78;70m▀[0m [0m [0m [0m [0m [0m [0m [0m
[0m [0m [0m [0m [0m [0m [38;2;18;23;19m[49m▀[38;2;19;29;30m[48;2;19;33;33m▀[38;2;71;83;81m[48;2;44;54;53m▀[38;2;93;106;99m[48;2;55;68;59m▀[38;2;86;101;96m[48;2;43;58;53m▀[38;2;32;47;44m[48;2;55;70;65m▀[38;2;69;81;67m[48;2;58;71;64m▀[38;2;16;15;11m[48;2;23;15;12m▀[38;2;19;24;18m[48;2;11;11;11m▀[38;2;11;11;11m[48;2;12;12;12m▀[38;2;12;12;12m[48;2;12;12;12m▀[38;2;12;12;12m[48;2;12;12;12m▀[38;2;12;12;12m[48;2;12;12;12m▀[38;2;12;12;12m[48;2;12;12;12m▀[38;2;13;13;13m[48;2;13;11;12m▀[38;2;23;18;15m[48;2;11;11;11m▀[38;2;56;45;39m[48;2;39;21;17m▀[38;2;51;71;69m[48;2;109;130;125m▀[38;2;70;86;76m[48;2;58;73;66m▀[38;2;54;71;65m[48;2;77;92;89m▀[38;2;136;154;140m[48;2;54;69;64m▀[38;2;83;96;87m[48;2;114;126;122m▀[38;2;118;129;112m[48;2;176;188;168m▀[0m [0m [0m [0m [0m [0m [0m [0m
[0m [0m [0m [0m [0m [0m [0m [38;2;27;39;39m[49m▀[38;2;18;27;26m[49m▀[38;2;60;72;70m[48;2;24;34;33m▀[38;2;94;110;107m[48;2;47;59;57m▀[38;2;42;55;48m[48;2;70;83;76m▀[38;2;19;30;26m[48;2;47;62;59m▀[38;2;29;18;16m[48;2;31;17;16m▀[38;2;12;12;12m[48;2;12;12;12m▀[38;2;12;12;12m[48;2;12;12;12m▀[38;2;12;12;12m[48;2;13;11;12m▀[38;2;12;12;12m[48;2;12;12;12m▀[38;2;12;12;12m[48;2;12;12;12m▀[38;2;12;12;12m[48;2;12;12;12m▀[38;2;11;11;11m[48;2;12;12;12m▀[38;2;11;11;11m[48;2;12;12;12m▀[38;2;38;24;21m[48;2;36;21;18m▀[38;2;78;99;94m[48;2;51;74;64m▀[38;2;126;143;135m[48;2;48;66;54m▀[38;2;69;83;83m[48;2;15;27;25m▀[38;2;50;65;60m[48;2;41;53;51m▀[38;2;34;46;44m[49m▀[38;2;74;85;71m[49m▀[0m [0m [0m [0m [0m [0m [0m [0m
[0m [0m [0m [0m [0m [0m [0m [0m [0m [38;2;31;40;37m[48;2;28;34;32m▀[38;2;113;130;122m[48;2;31;43;41m▀[38;2;63;78;73m[48;2;60;75;70m▀[38;2;41;56;51m[48;2;87;103;93m▀[38;2;16;15;13m[48;2;17;15;18m▀[38;2;12;12;12m[48;2;12;12;12m▀[38;2;12;12;12m[48;2;12;10;11m▀[38;2;12;12;12m[48;2;12;12;12m▀[38;2;13;11;12m[48;2;11;11;11m▀[38;2;12;12;12m[48;2;12;12;12m▀[38;2;12;12;12m[48;2;12;10;11m▀[38;2;12;12;12m[48;2;11;11;11m▀[38;2;12;12;12m[48;2;12;12;12m▀[38;2;60;34;33m[48;2;103;59;56m▀[38;2;62;83;78m[48;2;88;101;94m▀[38;2;52;68;57m[48;2;54;63;60m▀[38;2;58;74;71m[48;2;25;36;32m▀[38;2;42;57;54m[48;2;26;35;34m▀[0m [0m [0m [0m [0m [0m [0m [0m [0m [0m
[0m [0m [0m [0m [0m [0m [0m [0m [0m [0m [38;2;66;79;72m[48;2;29;38;35m▀[38;2;61;77;67m[48;2;78;94;84m▀[38;2;85;95;87m[48;2;109;122;113m▀[38;2;86;39;29m[48;2;86;35;31m▀[38;2;12;12;12m[48;2;12;12;12m▀[38;2;12;12;12m[48;2;12;12;12m▀[38;2;11;11;11m[48;2;12;12;12m▀[38;2;12;12;12m[48;2;12;12;12m▀[38;2;11;11;11m[48;2;12;12;12m▀[38;2;12;12;12m[48;2;12;10;11m▀[38;2;12;12;12m[48;2;11;11;11m▀[38;2;12;12;12m[48;2;11;11;11m▀[38;2;82;34;32m[48;2;72;29;23m▀[38;2;92;105;96m[48;2;122;135;125m▀[38;2;46;65;63m[48;2;43;59;59m▀[38;2;44;55;51m[48;2;50;61;55m▀[38;2;59;78;76m[49m▀[0m [0m [0m [0m [0m [0m [0m [0m [0m [0m
[0m [0m [0m [0m [0m [0m [0m [0m [0m [0m [38;2;18;27;26m[48;2;26;35;34m▀[38;2;78;95;87m[48;2;62;75;68m▀[38;2;85;97;87m[48;2;92;103;89m▀[38;2;90;40;39m[48;2;58;24;22m▀[38;2;12;12;12m[48;2;11;11;11m▀[38;2;12;12;12m[48;2;12;12;12m▀[38;2;12;12;12m[48;2;12;12;12m▀[38;2;12;12;12m[48;2;12;12;12m▀[38;2;12;12;12m[48;2;12;12;12m▀[38;2;11;11;11m[48;2;12;12;12m▀[38;2;10;10;10m[48;2;12;12;12m▀[38;2;12;12;12m[48;2;12;12;12m▀[38;2;111;112;94m[48;2;101;98;79m▀[38;2;152;160;145m[48;2;160;166;152m▀[38;2;29;41;39m[48;2;65;80;75m▀[38;2;60;71;65m[48;2;53;64;60m▀[0m [0m [0m [0m [0m [0m [0m [0m [0m [0m [0m
[0m [0m [0m [0m [0m [0m [0m [0m [0m [0m [38;2;24;30;26m[49m▀[38;2;44;55;47m[48;2;83;95;91m▀[38;2;98;106;91m[48;2;113;120;104m▀[38;2;100;105;98m[48;2;79;86;70m▀[38;2;11;11;11m[48;2;13;11;14m▀[38;2;13;11;12m[48;2;12;12;12m▀[38;2;13;11;12m[48;2;11;11;11m▀[38;2;12;12;12m[48;2;11;11;11m▀[38;2;12;12;12m[48;2;12;10;11m▀[38;2;12;12;12m[48;2;12;12;12m▀[38;2;12;12;12m[48;2;12;12;12m▀[38;2;12;11;9m[48;2;92;36;21m▀[38;2;150;153;134m[48;2;158;166;145m▀[38;2;199;207;192m[48;2;120;131;114m▀[38;2;84;94;85m[48;2;93;98;91m▀[0m [0m [0m [0m [0m [0m [0m [0m [0m [0m [0m [0m
[0m [0m [0m [0m [0m [0m [0m [0m [0m [0m [0m [38;2;69;80;72m[48;2;26;36;35m▀[38;2;167;174;158m[48;2;13;22;21m▀[38;2;98;105;89m[48;2;100;113;103m▀[38;2;138;78;67m[48;2;54;21;16m▀[38;2;12;12;12m[48;2;139;126;82m▀[38;2;12;12;12m[48;2;124;106;70m▀[38;2;12;12;12m[48;2;109;86;42m▀[38;2;12;12;12m[48;2;143;138;109m▀[38;2;11;11;11m[48;2;69;63;41m▀[38;2;16;15;13m[48;2;158;149;110m▀[38;2;66;24;10m[48;2;62;22;20m▀[38;2;127;137;113m[48;2;103;116;98m▀[38;2;160;171;155m[48;2;22;28;24m▀[38;2;79;90;82m[48;2;78;88;80m▀[0m [0m [0m [0m [0m [0m [0m [0m [0m [0m [0m [0m
[0m [0m [0m [0m [0m [0m [0m [0m [0m [0m [38;2;38;47;44m[48;2;75;88;81m▀[38;2;37;47;46m[48;2;35;44;41m▀[38;2;156;169;152m[48;2;79;90;82m▀[38;2;176;179;162m[48;2;220;219;201m▀[38;2;93;102;85m[48;2;88;101;92m▀[38;2;92;28;26m[48;2;65;67;64m▀[38;2;160;127;84m[48;2;46;16;6m▀[38;2;141;107;69m[48;2;67;27;25m▀[38;2;80;63;35m[48;2;63;32;29m▀[38;2;164;48;33m[48;2;26;18;15m▀[38;2;92;27;21m[48;2;50;55;49m▀[38;2;113;118;96m[48;2;84;95;81m▀[38;2;213;212;192m[48;2;224;223;205m▀[38;2;118;134;121m[48;2;65;75;64m▀[38;2;52;63;55m[48;2;45;50;46m▀[38;2;30;42;40m[48;2;109;127;115m▀[0m [0m [0m [0m [0m [0m [0m [0m [0m [0m [0m
[0m [0m [0m [0m [0m [0m [0m [0m [0m [38;2;21;27;27m[48;2;80;92;82m▀[38;2;59;72;65m[48;2;67;80;71m▀[38;2;29;40;36m[48;2;93;104;96m▀[38;2;40;49;46m[48;2;41;54;47m▀[38;2;186;201;182m[48;2;27;49;47m▀[38;2;160;165;145m[48;2;157;165;144m▀[38;2;70;90;81m[48;2;173;180;164m▀[38;2;56;76;75m[48;2;182;194;180m▀[38;2;37;53;53m[48;2;190;198;183m▀[38;2;46;62;61m[48;2;131;135;120m▀[38;2;39;57;57m[48;2;142;149;133m▀[38;2;98;114;103m[48;2;178;179;163m▀[38;2;182;183;165m[48;2;118;121;100m▀[38;2;117;131;114m[48;2;37;56;52m▀[38;2;70;81;77m[48;2;36;47;43m▀[38;2;146;156;145m[48;2;66;76;67m▀[38;2;93;106;96m[48;2;107;119;107m▀[38;2;151;164;147m[48;2;132;145;128m▀[0m [0m [0m [0m [0m [0m [0m [0m [0m [0m
[0m [0m [0m [0m [0m [0m [38;2;153;158;138m[49m▄[38;2;132;135;114m[48;2;129;137;116m▀[38;2;79;87;74m[48;2;96;109;91m▀[38;2;82;94;82m[48;2;97;111;96m▀[38;2;91;105;92m[48;2;156;163;145m▀[38;2;78;89;81m[48;2;122;135;118m▀[38;2;86;100;87m[48;2;70;82;78m▀[38;2;84;96;86m[48;2;21;33;31m▀[38;2;42;54;54m[48;2;76;88;76m▀[38;2;59;76;70m[48;2;70;84;71m▀[38;2;116;128;116m[48;2;91;108;100m▀[38;2;109;123;110m[48;2;46;61;58m▀[38;2;185;196;180m[48;2;91;108;92m▀[38;2;166;170;153m[48;2;78;91;82m▀[38;2;175;182;164m[48;2;59;70;62m▀[38;2;90;101;93m[48;2;75;85;77m▀[38;2;94;103;98m[48;2;56;68;66m▀[38;2;54;65;61m[48;2;52;63;59m▀[38;2;64;76;66m[48;2;98;108;97m▀[38;2;107;119;105m[48;2;139;150;136m▀[38;2;130;141;124m[48;2;90;98;83m▀[38;2;146;157;140m[48;2;157;166;149m▀[38;2;188;190;177m[49m▄[38;2;190;186;174m[49m▄[0m [0m [0m [0m [0m [0m [0m
[0m [0m [38;2;208;204;192m[49m▄[38;2;214;211;194m[49m▄[38;2;186;185;167m[48;2;190;189;169m▀[38;2;155;157;135m[48;2;203;202;184m▀[38;2;185;188;169m[48;2;168;172;155m▀[38;2;145;153;132m[48;2;131;142;126m▀[38;2;125;139;122m[48;2;199;199;187m▀[38;2;158;165;147m[48;2;89;104;85m▀[38;2;97;108;92m[48;2;119;130;113m▀[38;2;119;130;114m[48;2;115;126;109m▀[38;2;84;91;83m[48;2;85;92;76m▀[38;2;34;47;38m[48;2;46;56;48m▀[38;2;33;44;36m[48;2;84;97;88m▀[38;2;24;33;32m[48;2;41;51;50m▀[38;2;60;72;68m[48;2;45;57;53m▀[38;2;55;68;61m[48;2;69;80;72m▀[38;2;44;57;48m[48;2;59;70;64m▀[38;2;52;64;60m[48;2;56;70;70m▀[38;2;104;114;105m[48;2;66;79;69m▀[38;2;29;39;40m[48;2;46;61;58m▀[38;2;36;48;46m[48;2;54;65;61m▀[38;2;64;74;66m[48;2;49;62;55m▀[38;2;115;124;107m[48;2;158;171;151m▀[38;2;99;108;91m[48;2;147;155;140m▀[38;2;138;149;132m[48;2;140;147;131m▀[38;2;102;108;94m[48;2;161;170;151m▀[38;2;199;200;186m[48;2;120;127;109m▀[38;2;204;205;191m[48;2;220;220;208m▀[38;2;222;222;210m[48;2;212;213;199m▀[38;2;213;209;197m[48;2;224;225;211m▀[38;2;211;207;195m[49m▄[38;2;201;199;184m[49m▄[0m [0m [0m
[38;2;208;203;184m[48;2;215;213;198m▀[38;2;204;198;182m[48;2;227;228;212m▀[38;2;221;222;208m[48;2;221;222;206m▀[38;2;195;192;173m[48;2;206;207;191m▀[38;2;202;205;186m[48;2;220;217;200m▀[38;2;180;188;167m[48;2;233;234;220m▀[38;2;218;220;207m[48;2;199;200;186m▀[38;2;210;211;193m[48;2;225;226;210m▀[38;2;178;189;172m[48;2;196;197;183m▀[38;2;182;186;171m[48;2;166;175;158m▀[38;2;123;134;117m[48;2;181;186;166m▀[38;2;115;124;105m[48;2;167;175;154m▀[38;2;118;125;107m[48;2;149;156;138m▀[38;2;77;88;74m[48;2;148;159;142m▀[38;2;81;96;89m[48;2;104;118;105m▀[38;2;50;65;60m[48;2;64;77;70m▀[38;2;70;85;78m[48;2;101;112;106m▀[38;2;55;66;60m[48;2;60;73;64m▀[38;2;74;87;78m[48;2;69;84;79m▀[38;2;61;73;71m[48;2;52;64;60m▀[38;2;97;108;102m[48;2;101;114;104m▀[38;2;69;81;79m[48;2;129;141;129m▀[38;2;116;126;115m[48;2;72;80;65m▀[38;2;73;87;74m[48;2;106;117;100m▀[38;2;128;135;117m[48;2;118;129;112m▀[38;2;156;159;142m[48;2;132;143;126m▀[38;2;200;200;188m[48;2;202;203;189m▀[38;2;190;190;178m[48;2;221;221;209m▀[38;2;188;191;174m[48;2;229;231;218m▀[38;2;192;193;177m[48;2;225;226;212m▀[38;2;208;209;193m[48;2;225;225;213m▀[38;2;218;219;205m[48;2;222;222;210m▀[38;2;220;220;208m[48;2;220;220;208m▀[38;2;221;222;208m[48;2;228;229;215m▀[38;2;225;223;210m[48;2;208;204;192m▀[38;2;223;219;207m[49m▄[0m
[38;2;227;228;214m[48;2;205;204;186m▀[38;2;231;232;218m[48;2;212;211;193m▀[38;2;218;219;203m[48;2;209;206;187m▀[38;2;223;224;208m[48;2;202;201;183m▀[38;2;219;220;202m[48;2;195;196;178m▀[38;2;213;214;198m[48;2;191;190;170m▀[38;2;215;214;196m[48;2;201;199;178m▀[38;2;208;209;193m[48;2;205;204;186m▀[38;2;198;199;183m[48;2;206;207;193m▀[38;2;207;208;192m[48;2;206;206;194m▀[38;2;179;180;162m[48;2;206;207;193m▀[38;2;171;174;157m[48;2;206;207;191m▀[38;2;137;144;126m[48;2;179;181;160m▀[38;2;175;182;164m[48;2;178;181;162m▀[38;2;149;160;146m[48;2;166;173;157m▀[38;2;84;97;87m[48;2;110;121;105m▀[38;2;78;91;81m[48;2;74;87;78m▀[38;2;87;102;95m[48;2;97;113;100m▀[38;2;68;85;79m[48;2;73;85;81m▀[38;2;50;65;60m[48;2;49;61;59m▀[38;2;53;68;65m[48;2;76;88;78m▀[38;2;136;147;131m[48;2;146;155;136m▀[38;2;171;182;168m[48;2;153;162;143m▀[38;2;143;152;131m[48;2;139;147;124m▀[38;2;129;143;128m[48;2;145;154;135m▀[38;2;213;214;198m[48;2;155;167;147m▀[38;2;129;142;125m[48;2;210;211;197m▀[38;2;220;220;208m[48;2;203;206;189m▀[38;2;229;230;216m[48;2;224;225;209m▀[38;2;229;230;216m[48;2;221;218;203m▀[38;2;229;231;218m[48;2;188;190;176m▀[38;2;223;223;211m[48;2;184;186;172m▀[38;2;237;238;224m[48;2;192;194;180m▀[38;2;239;240;226m[48;2;204;204;192m▀[38;2;238;239;225m[48;2;217;218;204m▀[38;2;230;231;217m[48;2;206;204;191m▀[0m
[38;2;214;215;197m[48;2;225;226;212m▀[38;2;196;195;175m[48;2;218;219;203m▀[38;2;186;187;169m[48;2;197;196;178m▀[38;2;172;173;155m[48;2;208;207;189m▀[38;2;187;188;170m[48;2;216;215;197m▀[38;2;203;202;182m[48;2;205;204;186m▀[38;2;195;194;176m[48;2;216;214;199m▀[38;2;201;200;182m[48;2;202;203;185m▀[38;2;205;206;188m[48;2;207;206;188m▀[38;2;193;194;176m[48;2;215;216;200m▀[38;2;187;188;172m[48;2;196;194;179m▀[38;2;194;195;179m[48;2;223;224;210m▀[38;2;195;196;180m[48;2;194;195;181m▀[38;2;197;198;182m[48;2;203;204;188m▀[38;2;196;197;181m[48;2;219;220;204m▀[38;2;167;174;158m[48;2;188;189;171m▀[38;2;99;111;99m[48;2;149;157;142m▀[38;2;76;91;86m[48;2;99;115;105m▀[38;2;59;74;71m[48;2;80;96;86m▀[38;2;65;80;75m[48;2;95;107;95m▀[38;2;103;117;104m[48;2;126;137;120m▀[38;2;133;142;123m[48;2;139;147;126m▀[38;2;165;174;153m[48;2;157;165;144m▀[38;2;173;178;158m[48;2;144;149;129m▀[38;2;152;160;139m[48;2;192;194;173m▀[38;2;177;179;158m[48;2;200;201;183m▀[38;2;209;210;194m[48;2;223;224;208m▀[38;2;211;212;194m[48;2;224;225;211m▀[38;2;218;219;203m[48;2;208;209;193m▀[38;2;222;223;209m[48;2;229;230;214m▀[38;2;232;233;219m[48;2;223;224;208m▀[38;2;227;228;214m[48;2;234;235;221m▀[38;2;228;229;215m[48;2;236;237;221m▀[38;2;204;204;192m[48;2;215;216;198m▀[38;2;209;210;196m[48;2;229;230;216m▀[38;2;218;219;205m[48;2;221;222;208m▀[0m
[38;2;231;232;216m[48;2;183;168;137m▀[38;2;226;227;211m[48;2;174;160;131m▀[38;2;213;210;191m[48;2;187;173;144m▀[38;2;195;194;176m[48;2;181;170;142m▀[38;2;177;170;144m[48;2;165;156;127m▀[38;2;216;215;197m[48;2;171;164;135m▀[38;2;221;222;204m[48;2;171;166;146m▀[38;2;207;208;192m[48;2;218;219;205m▀[38;2;212;213;197m[48;2;202;203;189m▀[38;2;189;190;174m[48;2;219;220;206m▀[38;2;199;200;182m[48;2;209;210;196m▀[38;2;191;192;178m[48;2;213;214;198m▀[38;2;224;225;211m[48;2;205;206;190m▀[38;2;216;217;201m[48;2;210;211;197m▀[38;2;222;223;207m[48;2;214;215;197m▀[38;2;184;185;167m[48;2;222;223;209m▀[38;2;173;175;161m[48;2;213;214;198m▀[38;2;133;142;125m[48;2;191;192;174m▀[38;2;150;159;140m[48;2;191;192;176m▀[38;2;128;139;122m[48;2;176;179;158m▀[38;2;118;129;112m[48;2;141;149;128m▀[38;2;155;163;142m[48;2;199;200;182m▀[38;2;165;170;150m[48;2;188;189;171m▀[38;2;182;184;162m[48;2;198;199;183m▀[38;2;209;211;190m[48;2;216;217;203m▀[38;2;211;213;191m[48;2;209;210;192m▀[38;2;226;227;213m[48;2;220;221;205m▀[38;2;237;238;224m[48;2;218;219;203m▀[38;2;239;240;226m[48;2;213;214;200m▀[38;2;242;243;229m[48;2;231;232;218m▀[38;2;234;235;221m[48;2;230;231;217m▀[38;2;232;233;219m[48;2;235;236;222m▀[38;2;232;233;219m[48;2;222;223;209m▀[38;2;233;234;220m[48;2;230;231;217m▀[38;2;223;221;208m[48;2;226;222;210m▀[38;2;234;235;219m[48;2;204;198;182m▀[0m
