[38;2;65;27;62m[48;2;66;28;62m▀[38;2;66;28;63m[48;2;66;28;59m▀[38;2;66;28;63m[48;2;67;28;67m▀[38;2;66;28;62m[48;2;68;30;65m▀[38;2;67;30;64m[48;2;74;30;64m▀[38;2;72;31;64m[48;2;80;31;62m▀[38;2;74;32;64m[48;2;84;31;61m▀[38;2;80;32;61m[48;2;90;34;61m▀[38;2;82;31;63m[48;2;93;35;59m▀[38;2;85;33;62m[48;2;96;35;62m▀[38;2;88;35;61m[48;2;98;35;62m▀[38;2;88;36;60m[48;2;98;37;63m▀[38;2;88;35;60m[48;2;98;36;63m▀[38;2;87;34;62m[48;2;95;35;61m▀[38;2;84;33;62m[48;2;92;34;60m▀[38;2;82;32;64m[48;2;87;35;58m▀[38;2;79;32;60m[48;2;86;33;62m▀[38;2;75;32;61m[48;2;83;31;64m▀[38;2;74;31;59m[48;2;81;30;63m▀[38;2;73;30;65m[48;2;76;31;62m▀[38;2;72;31;65m[48;2;72;31;63m▀[38;2;69;30;64m[48;2;71;30;64m▀[38;2;67;28;63m[48;2;71;29;66m▀[38;2;67;28;63m[48;2;71;29;65m▀[38;2;66;29;63m[48;2;68;30;65m▀[38;2;67;28;63m[48;2;71;29;65m▀[0m
[38;2;66;28;61m[48;2;68;31;62m▀[38;2;68;28;61m[48;2;73;29;57m▀[38;2;71;31;61m[48;2;77;31;59m▀[38;2;76;31;59m[48;2;83;31;61m▀[38;2;81;32;64m[48;2;89;35;61m▀[38;2;86;35;59m[48;2;94;35;59m▀[38;2;92;35;61m[48;2;97;38;58m▀[38;2;95;35;62m[48;2;59;23;34m▀[38;2;3;2;1m[48;2;79;41;22m▀[38;2;8;0;2m[48;2;62;34;11m▀[38;2;5;1;2m[48;2;66;34;18m▀[38;2;5;1;2m[48;2;64;32;16m▀[38;2;7;0;2m[48;2;65;35;17m▀[38;2;7;0;3m[48;2;65;35;18m▀[38;2;6;0;4m[48;2;67;32;21m▀[38;2;5;1;4m[48;2;121;58;10m▀[38;2;93;34;62m[48;2;119;61;13m▀[38;2;89;37;60m[48;2;4;4;8m▀[38;2;88;34;62m[48;2;75;32;51m▀[38;2;83;34;62m[48;2;89;33;63m▀[38;2;80;32;62m[48;2;87;33;63m▀[38;2;78;31;61m[48;2;82;32;64m▀[38;2;72;29;60m[48;2;77;30;63m▀[38;2;71;30;63m[48;2;71;29;62m▀[38;2;69;30;64m[48;2;71;30;64m▀[38;2;69;30;64m[48;2;69;31;64m▀[0m
[38;2;69;32;57m[48;2;72;35;57m▀[38;2;76;30;59m[48;2;85;32;58m▀[38;2;81;33;62m[48;2;90;36;58m▀[38;2;88;33;57m[48;2;94;39;55m▀[38;2;93;35;57m[48;2;97;39;57m▀[38;2;98;37;62m[48;2;98;36;55m▀[38;2;100;38;58m[48;2;99;39;53m▀[38;2;58;23;35m[48;2;50;28;13m▀[38;2;92;42;5m[48;2;90;40;13m▀[38;2;61;34;19m[48;2;62;34;20m▀[38;2;62;34;20m[48;2;62;34;21m▀[38;2;62;33;20m[48;2;62;34;20m▀[38;2;62;34;20m[48;2;62;34;20m▀[38;2;62;34;20m[48;2;62;34;20m▀[38;2;62;34;20m[48;2;62;34;20m▀[38;2;61;34;21m[48;2;62;34;20m▀[38;2;68;33;13m[48;2;62;34;20m▀[38;2;130;59;1m[48;2;62;33;28m▀[38;2;23;10;7m[48;2;115;55;12m▀[38;2;87;39;59m[48;2;11;4;4m▀[38;2;92;37;58m[48;2;97;37;57m▀[38;2;87;34;59m[48;2;95;38;57m▀[38;2;82;33;60m[48;2;84;34;57m▀[38;2;74;31;58m[48;2;79;32;58m▀[38;2;70;28;59m[48;2;70;30;56m▀[38;2;69;31;64m[48;2;67;30;58m▀[0m
[38;2;76;32;54m[48;2;80;34;56m▀[38;2;85;33;55m[48;2;65;29;44m▀[38;2;94;34;52m[48;2;30;12;3m▀[38;2;2;3;5m[48;2;120;55;7m▀[38;2;8;2;7m[48;2;65;32;15m▀[38;2;39;19;9m[48;2;66;32;10m▀[38;2;121;58;15m[48;2;66;32;10m▀[38;2;123;59;17m[48;2;66;32;10m▀[38;2;127;56;10m[48;2;101;48;11m▀[38;2;65;35;25m[48;2;123;57;5m▀[38;2;62;33;18m[48;2;122;56;7m▀[38;2;63;34;18m[48;2;119;57;9m▀[38;2;61;34;21m[48;2;122;56;13m▀[38;2;62;34;21m[48;2;63;33;18m▀[38;2;62;34;20m[48;2;60;33;21m▀[38;2;62;34;21m[48;2;62;34;21m▀[38;2;62;34;20m[48;2;62;34;20m▀[38;2;62;34;21m[48;2;62;34;20m▀[38;2;62;33;21m[48;2;60;33;18m▀[38;2;120;58;11m[48;2;124;55;12m▀[38;2;99;40;55m[48;2;103;40;53m▀[38;2;100;39;57m[48;2;100;39;56m▀[38;2;91;37;57m[48;2;93;38;56m▀[38;2;82;34;58m[48;2;83;35;57m▀[38;2;71;32;58m[48;2;74;33;57m▀[38;2;68;32;57m[48;2;68;31;56m▀[0m
[38;2;82;31;52m[48;2;74;33;54m▀[38;2;26;13;5m[48;2;31;17;8m▀[38;2;108;52;11m[48;2;125;56;7m▀[38;2;62;34;21m[48;2;102;52;17m▀[38;2;62;34;21m[48;2;62;31;21m▀[38;2;62;34;20m[48;2;66;32;18m▀[38;2;62;34;20m[48;2;62;34;21m▀[38;2;62;34;20m[48;2;62;34;20m▀[38;2;62;34;21m[48;2;62;34;21m▀[38;2;62;34;21m[48;2;62;34;20m▀[38;2;62;34;20m[48;2;62;34;20m▀[38;2;61;34;20m[48;2;62;34;20m▀[38;2;67;29;9m[48;2;62;34;20m▀[38;2;126;56;2m[48;2;62;34;21m▀[38;2;122;56;9m[48;2;62;34;20m▀[38;2;119;59;17m[48;2;65;33;18m▀[38;2;60;34;19m[48;2;66;33;19m▀[38;2;61;35;19m[48;2;66;33;19m▀[38;2;60;33;18m[48;2;66;34;19m▀[38;2;115;57;8m[48;2;60;33;16m▀[38;2;10;2;3m[48;2;122;56;10m▀[38;2;91;37;51m[48;2;116;58;9m▀[38;2;93;37;54m[48;2;11;1;3m▀[38;2;81;33;55m[48;2;12;0;2m▀[38;2;72;32;56m[48;2;69;32;52m▀[38;2;67;30;55m[48;2;64;28;53m▀[0m
[38;2;73;30;52m[48;2;69;29;49m▀[38;2;74;36;51m[48;2;74;31;48m▀[38;2;1;5;1m[48;2;81;35;48m▀[38;2;2;0;3m[48;2;88;36;49m▀[38;2;3;2;5m[48;2;93;38;49m▀[38;2;124;55;0m[48;2;94;40;46m▀[38;2;128;58;6m[48;2;5;4;8m▀[38;2;121;59;2m[48;2;2;0;7m▀[38;2;59;32;19m[48;2;2;0;7m▀[38;2;63;34;18m[48;2;1;1;6m▀[38;2;60;34;22m[48;2;122;60;9m▀[38;2;62;34;21m[48;2;129;55;4m▀[38;2;62;34;21m[48;2;58;29;16m▀[38;2;62;34;21m[48;2;63;31;20m▀[38;2;62;34;20m[48;2;61;33;20m▀[38;2;62;34;20m[48;2;62;31;20m▀[38;2;62;34;20m[48;2;59;33;20m▀[38;2;62;34;20m[48;2;62;31;20m▀[38;2;62;34;20m[48;2;59;33;20m▀[38;2;62;34;21m[48;2;63;31;20m▀[38;2;62;34;21m[48;2;63;31;20m▀[38;2;61;34;20m[48;2;115;57;14m▀[38;2;65;29;14m[48;2;126;55;1m▀[38;2;123;55;8m[48;2;121;59;16m▀[38;2;67;31;52m[48;2;63;30;53m▀[38;2;62;28;52m[48;2;62;29;50m▀[0m
[38;2;62;30;49m[48;2;58;30;47m▀[38;2;68;30;48m[48;2;63;27;47m▀[38;2;75;33;51m[48;2;67;29;48m▀[38;2;81;35;48m[48;2;75;34;48m▀[38;2;92;36;51m[48;2;85;35;48m▀[38;2;96;38;50m[48;2;92;38;48m▀[38;2;61;28;24m[48;2;48;23;19m▀[38;2;146;71;57m[48;2;157;78;60m▀[38;2;197;100;74m[48;2;97;49;38m▀[38;2;194;97;73m[48;2;155;74;61m▀[38;2;93;53;42m[48;2;198;101;76m▀[38;2;5;2;5m[48;2;198;99;75m▀[38;2;4;0;3m[48;2;128;63;48m▀[38;2;3;0;4m[48;2;96;48;38m▀[38;2;4;1;1m[48;2;98;50;35m▀[38;2;1;1;3m[48;2;200;98;78m▀[38;2;0;1;0m[48;2;100;48;41m▀[38;2;4;0;3m[48;2;177;64;46m▀[38;2;5;1;3m[48;2;188;104;83m▀[38;2;4;2;6m[48;2;1;1;0m▀[38;2;2;0;4m[48;2;83;33;48m▀[38;2;2;0;3m[48;2;73;32;47m▀[38;2;5;0;2m[48;2;65;30;48m▀[38;2;58;30;45m[48;2;62;29;48m▀[38;2;55;28;47m[48;2;59;30;48m▀[38;2;59;27;48m[48;2;59;30;48m▀[0m
[38;2;57;27;46m[48;2;59;28;44m▀[38;2;57;28;46m[48;2;56;28;44m▀[38;2;61;29;46m[48;2;59;28;44m▀[38;2;67;31;47m[48;2;64;28;46m▀[38;2;81;33;47m[48;2;75;33;44m▀[38;2;88;36;46m[48;2;85;35;47m▀[38;2;47;25;19m[48;2;67;30;38m▀[38;2;188;84;62m[48;2;195;103;76m▀[38;2;86;95;139m[48;2;199;97;76m▀[38;2;156;133;130m[48;2;200;97;75m▀[38;2;154;78;65m[48;2;145;72;55m▀[38;2;195;98;75m[48;2;172;88;72m▀[38;2;31;17;13m[48;2;199;101;76m▀[38;2;209;216;239m[48;2;197;102;76m▀[38;2;176;61;53m[48;2;197;98;78m▀[38;2;195;101;76m[48;2;171;71;49m▀[38;2;195;101;79m[48;2;111;50;37m▀[38;2;199;95;78m[48;2;32;10;10m▀[38;2;28;15;12m[48;2;3;0;1m▀[38;2;8;1;1m[48;2;76;33;46m▀[38;2;76;33;46m[48;2;74;32;46m▀[38;2;67;30;48m[48;2;64;29;47m▀[38;2;62;29;48m[48;2;62;29;46m▀[38;2;61;30;48m[48;2;61;30;46m▀[38;2;59;30;48m[48;2;61;30;46m▀[38;2;59;30;48m[48;2;62;29;46m▀[0m
[38;2;57;29;44m[48;2;59;31;46m▀[38;2;59;31;46m[48;2;62;29;46m▀[38;2;59;31;46m[48;2;62;29;46m▀[38;2;63;31;44m[48;2;63;30;47m▀[38;2;72;32;45m[48;2;70;32;44m▀[38;2;83;35;46m[48;2;83;35;46m▀[38;2;70;31;35m[48;2;94;39;41m▀[38;2;49;22;16m[48;2;71;32;31m▀[38;2;158;76;60m[48;2;190;81;61m▀[38;2;154;77;61m[48;2;158;80;63m▀[38;2;99;50;40m[48;2;114;51;38m▀[38;2;177;90;71m[48;2;195;98;73m▀[38;2;169;85;69m[48;2;168;84;67m▀[38;2;172;62;45m[48;2;198;98;78m▀[38;2;123;62;46m[48;2;153;60;48m▀[38;2;197;97;75m[48;2;180;94;71m▀[38;2;109;50;36m[48;2;200;96;79m▀[38;2;27;11;7m[48;2;1;0;4m▀[38;2;6;1;1m[48;2;78;34;41m▀[38;2;83;36;45m[48;2;87;37;45m▀[38;2;74;32;46m[48;2;81;34;46m▀[38;2;66;31;46m[48;2;74;32;46m▀[38;2;63;30;47m[48;2;68;31;45m▀[38;2;62;29;46m[48;2;64;31;48m▀[38;2;62;29;46m[48;2;62;29;46m▀[38;2;62;29;46m[48;2;62;29;46m▀[0m
[38;2;60;32;44m[48;2;61;33;45m▀[38;2;60;31;47m[48;2;60;32;47m▀[38;2;63;30;47m[48;2;63;30;47m▀[38;2;63;30;47m[48;2;66;31;49m▀[38;2;72;34;46m[48;2;81;34;44m▀[38;2;86;37;46m[48;2;93;39;43m▀[38;2;101;42;50m[48;2;108;43;48m▀[38;2;9;0;2m[48;2;77;26;30m▀[38;2;188;84;61m[48;2;116;70;52m▀[38;2;177;91;67m[48;2;187;102;73m▀[38;2;171;95;68m[48;2;38;24;13m▀[38;2;175;95;67m[48;2;37;23;8m▀[38;2;175;94;66m[48;2;38;25;14m▀[38;2;196;98;78m[48;2;192;95;70m▀[38;2;181;74;58m[48;2;196;100;72m▀[38;2;190;99;75m[48;2;125;70;53m▀[38;2;12;8;8m[48;2;1;1;1m▀[38;2;1;1;1m[48;2;1;1;1m▀[38;2;79;35;44m[48;2;82;36;45m▀[38;2;93;38;47m[48;2;95;38;45m▀[38;2;88;36;49m[48;2;94;38;46m▀[38;2;83;35;46m[48;2;86;36;45m▀[38;2;74;32;46m[48;2;78;37;47m▀[38;2;65;31;44m[48;2;73;33;44m▀[38;2;64;31;48m[48;2;69;35;44m▀[38;2;65;33;44m[48;2;71;37;44m▀[0m
[38;2;58;37;42m[48;2;58;38;37m▀[38;2;62;35;44m[48;2;64;37;44m▀[38;2;69;33;41m[48;2;74;36;45m▀[38;2;76;34;43m[48;2;87;38;44m▀[38;2;90;38;42m[48;2;102;42;49m▀[38;2;105;40;48m[48;2;112;42;48m▀[38;2;114;45;49m[48;2;121;43;47m▀[38;2;124;47;51m[48;2;124;48;50m▀[38;2;1;2;3m[48;2;50;22;22m▀[38;2;198;97;74m[48;2;111;41;40m▀[38;2;198;101;80m[48;2;154;81;61m▀[38;2;200;101;82m[48;2;192;99;73m▀[38;2;196;99;74m[48;2;145;73;54m▀[38;2;155;76;63m[48;2;180;57;47m▀[38;2;198;98;76m[48;2;75;39;34m▀[38;2;24;11;11m[48;2;5;3;2m▀[38;2;18;3;5m[48;2;194;100;73m▀[38;2;34;13;10m[48;2;196;97;82m▀[38;2;9;6;6m[48;2;3;3;3m▀[38;2;97;40;47m[48;2;86;46;48m▀[38;2;96;39;46m[48;2;102;43;49m▀[38;2;91;40;47m[48;2;95;40;46m▀[38;2;83;36;48m[48;2;88;40;48m▀[38;2;79;33;46m[48;2;84;41;45m▀[38;2;75;38;46m[48;2;81;42;45m▀[38;2;77;40;44m[48;2;82;47;46m▀[0m
[38;2;64;40;39m[48;2;71;43;41m▀[38;2;74;39;43m[48;2;82;43;43m▀[38;2;86;40;46m[48;2;95;44;46m▀[38;2;98;39;47m[48;2;106;44;50m▀[38;2;111;43;48m[48;2;116;45;48m▀[38;2;118;46;50m[48;2;121;48;47m▀[38;2;125;47;50m[48;2;120;50;51m▀[38;2;127;48;51m[48;2;62;28;30m▀[38;2;48;20;20m[48;2;5;4;4m▀[38;2;3;7;6m[48;2;197;95;74m▀[38;2;183;83;62m[48;2;21;5;3m▀[38;2;176;95;79m[48;2;25;6;3m▀[38;2;203;103;89m[48;2;24;4;2m▀[38;2;67;42;40m[48;2;128;70;55m▀[38;2;3;2;2m[48;2;191;98;74m▀[38;2;139;70;58m[48;2;144;68;49m▀[38;2;201;96;75m[48;2;183;100;78m▀[38;2;185;96;75m[48;2;198;100;73m▀[38;2;2;2;2m[48;2;178;94;78m▀[38;2;1;0;4m[48;2;5;3;3m▀[38;2;0;5;1m[48;2;1;2;4m▀[38;2;99;41;49m[48;2;8;0;5m▀[38;2;95;41;49m[48;2;80;47;51m▀[38;2;88;41;47m[48;2;93;45;47m▀[38;2;88;43;46m[48;2;93;47;44m▀[38;2;88;51;44m[48;2;95;54;42m▀[0m
[38;2;76;46;42m[48;2;80;46;39m▀[38;2;90;45;43m[48;2;101;47;45m▀[38;2;103;45;45m[48;2;115;42;51m▀[38;2;114;44;43m[48;2;78;38;39m▀[38;2;114;45;48m[48;2;5;0;5m▀[38;2;76;35;40m[48;2;4;0;0m▀[38;2;2;1;2m[48;2;26;9;13m▀[38;2;0;1;0m[48;2;88;10;20m▀[38;2;125;67;56m[48;2;102;60;50m▀[38;2;150;79;62m[48;2;166;88;70m▀[38;2;199;99;77m[48;2;199;101;76m▀[38;2;191;98;76m[48;2;149;72;57m▀[38;2;195;99;74m[48;2;196;97;76m▀[38;2;197;99;74m[48;2;195;99;75m▀[38;2;163;82;72m[48;2;150;79;57m▀[38;2;197;99;76m[48;2;173;92;76m▀[38;2;134;69;48m[48;2;54;28;23m▀[38;2;164;93;78m[48;2;22;0;2m▀[38;2;1;2;4m[48;2;104;4;26m▀[38;2;88;7;25m[48;2;38;0;6m▀[38;2;26;1;2m[48;2;90;7;23m▀[38;2;30;0;4m[48;2;90;7;23m▀[38;2;3;1;1m[48;2;21;1;4m▀[38;2;83;46;50m[48;2;1;1;1m▀[38;2;95;51;45m[48;2;95;53;43m▀[38;2;100;56;48m[48;2;98;60;41m▀[0m
[38;2;88;44;40m[48;2;93;46;43m▀[38;2;100;48;46m[48;2;86;39;40m▀[38;2;4;0;0m[48;2;4;1;1m▀[38;2;0;1;1m[48;2;74;21;19m▀[38;2;52;1;10m[48;2;78;17;16m▀[38;2;90;7;23m[48;2;89;7;24m▀[38;2;70;7;25m[48;2;90;6;21m▀[38;2;34;3;16m[48;2;52;7;13m▀[38;2;21;2;4m[48;2;45;7;20m▀[38;2;14;2;4m[48;2;106;11;28m▀[38;2;2;0;0m[48;2;110;11;23m▀[38;2;122;66;52m[48;2;104;11;25m▀[38;2;170;90;74m[48;2;104;8;26m▀[38;2;166;89;70m[48;2;108;11;26m▀[38;2;71;35;31m[48;2;111;9;24m▀[38;2;13;5;5m[48;2;103;10;27m▀[38;2;82;7;20m[48;2;16;1;7m▀[38;2;80;7;22m[48;2;77;6;19m▀[38;2;16;3;4m[48;2;91;5;22m▀[38;2;90;7;23m[48;2;89;8;20m▀[38;2;91;8;24m[48;2;74;22;13m▀[38;2;93;6;24m[48;2;26;68;9m▀[38;2;92;5;26m[48;2;12;65;8m▀[38;2;1;0;2m[48;2;2;0;1m▀[38;2;97;52;43m[48;2;97;52;44m▀[38;2;98;57;47m[48;2;101;62;41m▀[0m
[38;2;92;45;42m[48;2;92;44;46m▀[38;2;86;38;42m[48;2;90;38;40m▀[38;2;2;17;2m[48;2;1;0;1m▀[38;2;8;74;0m[48;2;3;13;5m▀[38;2;11;75;1m[48;2;6;75;0m▀[38;2;11;75;1m[48;2;11;75;1m▀[38;2;35;58;12m[48;2;11;75;1m▀[38;2;86;14;22m[48;2;11;75;1m▀[38;2;90;7;23m[48;2;11;74;3m▀[38;2;16;2;3m[48;2;11;74;3m▀[38;2;17;0;4m[48;2;11;74;3m▀[38;2;15;0;3m[48;2;11;74;3m▀[38;2;15;0;3m[48;2;11;74;3m▀[38;2;16;0;5m[48;2;11;74;3m▀[38;2;15;0;4m[48;2;11;74;3m▀[38;2;23;0;8m[48;2;11;74;3m▀[38;2;83;8;22m[48;2;12;74;3m▀[38;2;76;17;23m[48;2;9;73;0m▀[38;2;74;19;14m[48;2;11;75;1m▀[38;2;11;74;3m[48;2;14;74;1m▀[38;2;9;76;3m[48;2;14;54;10m▀[38;2;17;67;8m[48;2;1;1;1m▀[38;2;0;0;0m[48;2;1;2;2m▀[38;2;2;2;3m[48;2;92;43;47m▀[38;2;95;50;46m[48;2;92;50;46m▀[38;2;101;63;42m[48;2;100;62;42m▀[0m
[38;2;90;42;46m[48;2;87;40;46m▀[38;2;104;46;48m[48;2;100;41;47m▀[38;2;95;39;41m[48;2;113;44;48m▀[38;2;1;1;3m[48;2;104;43;43m▀[38;2;6;20;6m[48;2;1;1;1m▀[38;2;38;54;14m[48;2;26;4;7m▀[38;2;37;55;15m[48;2;88;6;24m▀[38;2;37;55;16m[48;2;90;7;23m▀[38;2;37;55;16m[48;2;90;7;23m▀[38;2;37;54;16m[48;2;90;7;23m▀[38;2;37;55;15m[48;2;90;7;23m▀[38;2;37;55;16m[48;2;90;7;23m▀[38;2;37;55;15m[48;2;90;7;23m▀[38;2;37;55;15m[48;2;90;7;23m▀[38;2;37;55;15m[48;2;90;7;23m▀[38;2;37;55;15m[48;2;90;7;23m▀[38;2;37;55;16m[48;2;90;7;23m▀[38;2;37;55;15m[48;2;87;5;22m▀[38;2;39;56;13m[48;2;69;9;23m▀[38;2;16;54;12m[48;2;1;1;1m▀[38;2;1;1;1m[48;2;3;2;3m▀[38;2;2;0;2m[48;2;85;41;47m▀[38;2;91;42;49m[48;2;89;40;46m▀[38;2;88;43;46m[48;2;84;41;44m▀[38;2;87;48;46m[48;2;82;44;42m▀[38;2;98;59;42m[48;2;92;54;42m▀[0m
[38;2;81;39;45m[48;2;76;36;46m▀[38;2;93;39;46m[48;2;85;39;46m▀[38;2;106;42;51m[48;2;95;42;48m▀[38;2;117;47;48m[48;2;106;46;50m▀[38;2;93;35;33m[48;2;119;48;49m▀[38;2;1;3;1m[48;2;105;46;42m▀[38;2;21;6;6m[48;2;0;2;1m▀[38;2;69;23;17m[48;2;6;20;4m▀[38;2;73;19;21m[48;2;10;75;1m▀[38;2;75;22;16m[48;2;12;74;1m▀[38;2;76;24;18m[48;2;11;75;1m▀[38;2;76;24;18m[48;2;11;75;1m▀[38;2;76;24;18m[48;2;11;75;1m▀[38;2;75;23;17m[48;2;11;75;1m▀[38;2;75;23;17m[48;2;11;75;1m▀[38;2;68;23;15m[48;2;6;74;1m▀[38;2;76;23;25m[48;2;18;45;12m▀[38;2;71;10;24m[48;2;1;1;1m▀[38;2;1;1;1m[48;2;3;1;2m▀[38;2;1;2;2m[48;2;99;44;51m▀[38;2;91;47;52m[48;2;99;40;48m▀[38;2;94;42;48m[48;2;88;40;46m▀[38;2;86;39;45m[48;2;83;40;47m▀[38;2;80;39;45m[48;2;77;37;46m▀[38;2;79;40;46m[48;2;77;37;47m▀[38;2;84;47;42m[48;2;83;42;44m▀[0m
[38;2;78;38;47m[48;2;78;38;47m▀[38;2;79;37;47m[48;2;78;38;47m▀[38;2;85;41;46m[48;2;79;38;46m▀[38;2;95;41;45m[48;2;87;40;46m▀[38;2;109;46;47m[48;2;99;42;49m▀[38;2;122;48;51m[48;2;111;45;50m▀[38;2;113;49;45m[48;2;121;49;50m▀[38;2;3;3;3m[48;2;100;44;41m▀[38;2;10;22;6m[48;2;1;2;2m▀[38;2;58;35;13m[48;2;23;4;6m▀[38;2;55;38;14m[48;2;89;8;22m▀[38;2;54;36;12m[48;2;90;7;23m▀[38;2;54;36;12m[48;2;90;7;23m▀[38;2;53;36;11m[48;2;90;8;23m▀[38;2;54;37;7m[48;2;64;5;14m▀[38;2;18;33;6m[48;2;0;0;0m▀[38;2;1;1;1m[48;2;5;2;2m▀[38;2;2;0;1m[48;2;101;42;46m▀[38;2;98;43;50m[48;2;105;43;52m▀[38;2;99;42;49m[48;2;95;42;48m▀[38;2;93;40;47m[48;2;89;39;46m▀[38;2;85;40;49m[48;2;84;40;47m▀[38;2;80;40;46m[48;2;79;40;45m▀[38;2;77;37;46m[48;2;79;40;45m▀[38;2;78;38;47m[48;2;79;40;45m▀[38;2;78;38;47m[48;2;79;40;45m▀[0m
[38;2;78;38;47m[48;2;78;38;47m▀[38;2;78;38;47m[48;2;78;38;47m▀[38;2;78;38;47m[48;2;78;38;47m▀[38;2;83;39;50m[48;2;80;38;48m▀[38;2;89;41;47m[48;2;81;41;47m▀[38;2;101;43;51m[48;2;90;40;46m▀[38;2;111;45;50m[48;2;101;43;49m▀[38;2;120;48;51m[48;2;112;46;46m▀[38;2;92;40;39m[48;2;123;50;51m▀[38;2;2;0;1m[48;2;90;40;41m▀[38;2;23;7;9m[48;2;0;0;1m▀[38;2;47;44;15m[48;2;15;27;17m▀[38;2;48;43;15m[48;2;11;55;13m▀[38;2;45;19;16m[48;2;2;0;3m▀[38;2;5;1;4m[48;2;2;1;2m▀[38;2;2;2;5m[48;2;109;45;47m▀[38;2;112;47;46m[48;2;109;46;48m▀[38;2;106;44;51m[48;2;100;43;50m▀[38;2;97;43;49m[48;2;92;41;47m▀[38;2;93;43;45m[48;2;88;41;47m▀[38;2;89;41;47m[48;2;84;41;45m▀[38;2;82;41;47m[48;2;81;40;46m▀[38;2;80;40;49m[48;2;80;40;49m▀[38;2;80;40;49m[48;2;80;40;49m▀[38;2;80;40;49m[48;2;80;40;49m▀[38;2;82;40;46m[48;2;80;40;49m▀[0m
[38;2;78;38;47m[48;2;80;39;45m▀[38;2;78;39;48m[48;2;79;37;47m▀[38;2;79;39;48m[48;2;76;36;45m▀[38;2;77;37;46m[48;2;74;34;43m▀[38;2;76;37;45m[48;2;71;31;41m▀[38;2;80;41;46m[48;2;68;31;40m▀[38;2;89;40;44m[48;2;68;32;36m▀[38;2;97;42;46m[48;2;77;35;42m▀[38;2;108;46;45m[48;2;85;37;43m▀[38;2;119;48;48m[48;2;96;40;44m▀[38;2;89;40;34m[48;2;106;42;46m▀[38;2;4;1;4m[48;2;65;25;23m▀[38;2;1;0;3m[48;2;1;1;2m▀[38;2;2;1;4m[48;2;83;33;33m▀[38;2;96;41;41m[48;2;103;41;44m▀[38;2;108;46;47m[48;2;92;38;40m▀[38;2;102;44;45m[48;2;81;38;45m▀[38;2;92;41;48m[48;2;75;36;44m▀[38;2;84;41;43m[48;2;74;34;46m▀[38;2;84;40;47m[48;2;73;33;43m▀[38;2;81;38;45m[48;2;75;36;44m▀[38;2;80;41;46m[48;2;76;37;43m▀[38;2;82;41;46m[48;2;81;40;46m▀[38;2;84;40;46m[48;2;82;41;49m▀[38;2;84;40;47m[48;2;82;41;45m▀[38;2;84;40;46m[48;2;82;41;45m▀[0m
