[0m [0m [0m [0m [0m [0m [0m [0m [0m [38;2;170;154;148m[49m▄[38;2;188;171;158m[49m▄[38;2;174;159;145m[48;2;185;161;152m▀[38;2;176;156;150m[48;2;187;174;160m▀[38;2;185;169;156m[48;2;204;174;158m▀[38;2;184;160;148m[48;2;211;169;150m▀[38;2;201;176;160m[49m▄[38;2;186;158;145m[49m▄[38;2;192;166;148m[49m▄[0m [0m [0m [0m [0m [0m [0m [0m [0m [0m
[0m [0m [0m [0m [0m [0m [38;2;122;94;80m[49m▄[38;2;159;139;131m[48;2;159;143;132m▀[38;2;160;145;140m[48;2;170;152;144m▀[38;2;185;169;153m[48;2;186;168;158m▀[38;2;187;164;152m[48;2;184;138;132m▀[38;2;169;116;103m[48;2;209;191;181m▀[38;2;188;177;176m[48;2;161;69;59m▀[38;2;198;176;169m[48;2;228;187;160m▀[38;2;198;168;159m[48;2;170;127;112m▀[38;2;163;126;119m[48;2;201;175;161m▀[38;2;197;174;163m[48;2;186;155;147m▀[38;2;200;175;160m[48;2;206;182;170m▀[38;2;204;179;155m[48;2;187;160;152m▀[38;2;197;179;169m[49m▄[0m [0m [0m [0m [0m [0m [0m [0m
[0m [0m [0m [0m [0m [38;2;142;122;106m[48;2;145;132;117m▀[38;2;148;116;102m[48;2;147;124;116m▀[38;2;131;64;59m[48;2;133;69;67m▀[38;2;154;81;71m[48;2;134;76;63m▀[38;2;185;145;131m[48;2;174;137;132m▀[38;2;171;111;105m[48;2;169;110;101m▀[38;2;204;171;166m[48;2;134;59;53m▀[38;2;209;154;137m[48;2;211;160;154m▀[38;2;171;110;92m[48;2;188;156;156m▀[38;2;209;174;158m[48;2;163;90;87m▀[38;2;198;156;144m[48;2;92;34;32m▀[38;2;208;179;171m[48;2;224;216;207m▀[38;2;214;196;181m[48;2;213;213;195m▀[38;2;208;179;166m[48;2;228;208;192m▀[38;2;121;54;52m[48;2;169;100;95m▀[38;2;186;165;147m[48;2;148;83;78m▀[38;2;191;166;154m[49m▄[0m [0m [0m [0m [0m [0m
[0m [0m [0m [0m [38;2;137;117;96m[48;2;158;137;119m▀[38;2;144;118;110m[48;2;164;131;134m▀[38;2;140;97;94m[48;2;154;149;134m▀[38;2;165;142;136m[48;2;172;176;175m▀[38;2;202;200;193m[48;2;48;62;74m▀[38;2;192;193;188m[48;2;48;59;69m▀[38;2;204;207;201m[48;2;59;69;80m▀[38;2;217;222;223m[48;2;203;209;209m▀[38;2;164;152;150m[48;2;209;211;216m▀[38;2;211;202;203m[48;2;221;222;216m▀[38;2;201;174;182m[48;2;208;211;202m▀[38;2;224;223;223m[48;2;84;95;118m▀[38;2;227;230;234m[48;2;94;107;121m▀[38;2;219;227;222m[48;2;152;168;186m▀[38;2;216;217;216m[48;2;91;111;126m▀[38;2;175;110;110m[48;2;154;68;65m▀[38;2;166;108;111m[48;2;214;211;203m▀[38;2;158;117;111m[48;2;181;166;154m▀[38;2;182;160;148m[48;2;170;140;128m▀[0m [0m [0m [0m [0m
[0m [0m [0m [0m [38;2;160;152;148m[48;2;147;138;138m▀[38;2;160;163;161m[48;2;163;164;160m▀[38;2;176;182;184m[48;2;168;171;172m▀[38;2;43;53;65m[48;2;63;107;139m▀[38;2;65;86;103m[48;2;55;100;144m▀[38;2;57;89;117m[48;2;68;113;155m▀[38;2;62;71;84m[48;2;53;89;110m▀[38;2;44;53;65m[48;2;30;34;43m▀[38;2;211;219;219m[48;2;211;213;213m▀[38;2;216;222;223m[48;2;211;214;208m▀[38;2;132;137;149m[48;2;23;32;43m▀[38;2;97;105;117m[48;2;60;73;86m▀[38;2;84;99;115m[48;2;89;133;166m▀[38;2;119;158;182m[48;2;101;155;190m▀[38;2;105;145;175m[48;2;115;165;193m▀[38;2;33;47;59m[48;2;102;159;193m▀[38;2;212;218;218m[48;2;207;208;209m▀[38;2;193;188;187m[48;2;207;208;207m▀[38;2;187;155;139m[48;2;192;179;169m▀[38;2;153;133;122m[49m▄[0m [0m [0m [0m
[0m [0m [0m [38;2;154;148;142m[48;2;145;133;124m▀[38;2;133;92;89m[48;2;91;41;32m▀[38;2;165;168;163m[48;2;152;142;138m▀[38;2;14;18;22m[48;2;12;17;23m▀[38;2;51;101;139m[48;2;31;83;113m▀[38;2;60;102;124m[48;2;34;57;69m▀[38;2;41;83;118m[48;2;44;54;68m▀[38;2;31;73;97m[48;2;36;86;123m▀[38;2;17;25;30m[48;2;11;16;21m▀[38;2;196;208;213m[48;2;197;207;213m▀[38;2;208;212;212m[48;2;208;216;218m▀[38;2;42;49;63m[48;2;46;54;67m▀[38;2;34;44;58m[48;2;43;55;69m▀[38;2;96;148;186m[48;2;105;155;186m▀[38;2;87;140;172m[48;2;85;134;161m▀[38;2;110;147;171m[48;2;111;153;176m▀[38;2;121;170;196m[48;2;119;164;193m▀[38;2;49;58;73m[48;2;37;47;63m▀[38;2;204;211;216m[48;2;202;204;206m▀[38;2;201;198;203m[48;2;179;158;166m▀[38;2;145;100;89m[48;2;149;126;115m▀[0m [0m [0m [0m
[0m [0m [0m [38;2;166;163;149m[48;2;142;140;124m▀[38;2;127;121;86m[48;2;128;128;97m▀[38;2;122;119;101m[48;2;111;106;85m▀[38;2;15;22;27m[48;2;11;21;28m▀[38;2;33;81;112m[48;2;39;85;112m▀[38;2;31;58;74m[48;2;15;32;42m▀[38;2;31;37;44m[48;2;16;22;30m▀[38;2;30;80;116m[48;2;39;86;123m▀[38;2;18;25;32m[48;2;27;37;47m▀[38;2;193;195;197m[48;2;212;217;218m▀[38;2;204;212;212m[48;2;195;206;209m▀[38;2;39;47;58m[48;2;25;33;44m▀[38;2;43;51;63m[48;2;23;30;41m▀[38;2;106;156;184m[48;2;119;174;206m▀[38;2;89;124;147m[48;2;67;99;122m▀[38;2;76;107;126m[48;2;70;105;126m▀[38;2;97;144;174m[48;2;68;119;150m▀[38;2;32;42;58m[48;2;44;53;76m▀[38;2;193;196;195m[48;2;190;192;188m▀[38;2;176;134;137m[48;2;187;190;188m▀[38;2;148;122;117m[48;2;143;122;113m▀[0m [0m [0m [0m
[0m [38;2;161;154;137m[49m▄[38;2;113;91;71m[49m▄[38;2;153;153;139m[48;2;131;127;97m▀[38;2;136;137;110m[48;2;117;118;94m▀[38;2;115;112;96m[48;2;123;123;110m▀[38;2;12;25;32m[48;2;48;87;111m▀[38;2;87;136;166m[48;2;59;111;140m▀[38;2;31;37;49m[48;2;7;9;12m▀[38;2;28;70;97m[48;2;70;101;117m▀[38;2;47;83;112m[48;2;36;80;108m▀[38;2;67;85;101m[48;2;184;191;180m▀[38;2;168;166;145m[48;2;179;180;152m▀[38;2;198;206;200m[48;2;164;163;134m▀[38;2;41;49;64m[48;2;192;201;204m▀[38;2;51;68;83m[48;2;111;174;211m▀[38;2;110;163;198m[48;2;70;115;145m▀[38;2;121;152;180m[48;2;42;60;73m▀[38;2;138;159;179m[48;2;23;37;53m▀[38;2;152;193;213m[48;2;95;134;158m▀[38;2;31;42;58m[48;2;14;15;20m▀[38;2;196;200;198m[48;2;149;155;137m▀[38;2;185;188;188m[48;2;185;185;182m▀[38;2;154;142;134m[48;2;147;118;107m▀[0m [0m [0m [0m
[0m [38;2;94;67;33m[48;2;136;126;101m▀[38;2;147;129;102m[48;2;118;108;86m▀[38;2;145;145;119m[48;2;143;142;139m▀[38;2;174;180;180m[48;2;134;133;108m▀[38;2;127;131;100m[48;2;115;119;81m▀[38;2;155;166;160m[48;2;74;73;52m▀[38;2;81;83;57m[48;2;5;5;5m▀[38;2;9;10;10m[49m▀[38;2;14;15;15m[49m▀[38;2;140;144;129m[49m▀[38;2;92;81;74m[48;2;5;5;5m▀[38;2;122;113;108m[48;2;150;123;126m▀[38;2;152;154;153m[48;2;197;204;203m▀[38;2;53;44;21m[48;2;89;86;58m▀[38;2;36;57;62m[48;2;7;7;11m▀[38;2;47;46;30m[48;2;5;5;6m▀[38;2;10;10;11m[49m▀[38;2;15;15;15m[48;2;4;4;4m▀[38;2;26;28;32m[48;2;11;11;11m▀[38;2;155;155;132m[48;2;15;15;15m▀[38;2;21;22;28m[48;2;121;118;79m▀[38;2;176;175;169m[48;2;179;179;172m▀[38;2;152;132;115m[48;2;165;155;147m▀[38;2;69;33;16m[48;2;180;156;148m▀[38;2;39;18;4m[49m▄[0m [0m
[0m [38;2;145;137;121m[48;2;152;153;150m▀[38;2;107;105;89m[48;2;42;22;7m▀[38;2;150;150;147m[48;2;143;143;139m▀[38;2;156;160;150m[48;2;172;177;174m▀[38;2;149;154;119m[48;2;159;164;126m▀[38;2;6;7;9m[48;2;51;52;53m▀[38;2;10;14;17m[49m▄[38;2;7;14;17m[49m▄[38;2;78;90;99m[49m▄[38;2;21;26;30m[48;2;42;37;26m▀[38;2;30;16;16m[48;2;46;51;55m▀[38;2;30;30;32m[48;2;73;80;73m▀[38;2;219;224;225m[48;2;188;190;164m▀[38;2;150;152;101m[48;2;169;169;129m▀[38;2;69;80;87m[48;2;123;119;108m▀[38;2;9;14;17m[49m▄[38;2;20;21;22m[49m▄[38;2;5;6;9m[49m▄[38;2;4;4;6m[48;2;41;51;64m▀[38;2;15;15;18m[48;2;18;20;25m▀[38;2;99;96;78m[48;2;76;75;69m▀[38;2;133;124;96m[48;2;171;170;139m▀[38;2;152;147;123m[48;2;128;116;92m▀[38;2;153;134;113m[48;2;149;133;117m▀[38;2;145;134;115m[48;2;142;122;99m▀[0m [0m
[0m [38;2;128;129;119m[49m▀[38;2;54;32;14m[48;2;70;46;28m▀[38;2;144;143;136m[48;2;144;136;119m▀[38;2;161;166;169m[48;2;161;168;169m▀[38;2;161;169;134m[48;2;169;176;164m▀[38;2;126;128;79m[48;2;138;139;90m▀[38;2;16;21;25m[48;2;51;60;68m▀[38;2;4;4;5m[48;2;36;41;48m▀[38;2;89;85;63m[48;2;156;155;126m▀[38;2;86;79;79m[48;2;23;20;21m▀[38;2;49;53;59m[48;2;186;48;39m▀[38;2;209;209;212m[48;2;228;53;32m▀[38;2;214;216;212m[48;2;255;101;99m▀[38;2;222;229;227m[48;2;241;75;67m▀[38;2;193;197;156m[48;2;207;211;176m▀[38;2;85;81;78m[48;2;176;174;126m▀[38;2;20;22;25m[48;2;188;197;170m▀[38;2;22;34;47m[48;2;2;6;6m▀[38;2;96;111;134m[48;2;100;103;106m▀[38;2;92;91;85m[48;2;144;144;106m▀[38;2;110;107;76m[48;2;164;158;150m▀[38;2;186;180;171m[48;2;185;186;182m▀[38;2;155;143;119m[48;2;156;147;132m▀[38;2;41;21;2m[48;2;78;59;39m▀[38;2;123;113;96m[48;2;136;126;121m▀[0m [0m
[0m [0m [38;2;143;134;117m[48;2;147;139;122m▀[38;2;124;111;90m[48;2;145;134;113m▀[38;2;131;132;121m[48;2;140;142;138m▀[38;2;122;122;101m[48;2;95;84;54m▀[38;2;142;133;107m[48;2;119;105;80m▀[38;2;111;112;90m[48;2;160;163;150m▀[38;2;14;15;18m[48;2;34;44;49m▀[38;2;90;79;53m[48;2;147;145;152m▀[38;2;139;33;27m[48;2;118;41;38m▀[38;2;182;99;100m[48;2;127;37;33m▀[38;2;222;62;53m[48;2;144;18;10m▀[38;2;224;90;87m[48;2;154;21;9m▀[38;2;235;143;152m[48;2;176;33;20m▀[38;2;209;58;48m[48;2;195;38;22m▀[38;2;168;168;161m[48;2;193;76;79m▀[38;2;195;196;191m[48;2;195;206;212m▀[38;2;16;18;23m[48;2;156;158;127m▀[38;2;127;131;75m[48;2;150;150;121m▀[38;2;164;166;133m[48;2;99;73;69m▀[38;2;174;174;161m[48;2;179;182;184m▀[38;2;180;184;182m[48;2;155;155;147m▀[38;2;144;133;110m[48;2;51;39;31m▀[38;2;58;27;10m[48;2;171;166;158m▀[38;2;138;127;112m[49m▀[0m [0m
[0m [0m [38;2;113;110;94m[49m▀[38;2;144;137;121m[49m▀[38;2;136;134;128m[48;2;133;134;128m▀[38;2;75;34;22m[48;2;106;85;83m▀[38;2;166;169;159m[48;2;11;4;4m▀[38;2;176;177;171m[48;2;158;160;156m▀[38;2;54;63;75m[48;2;180;180;180m▀[38;2;143;143;136m[48;2;154;153;150m▀[38;2;97;52;48m[48;2;176;181;181m▀[38;2;89;6;0m[48;2;108;100;102m▀[38;2;87;6;1m[48;2;65;17;16m▀[38;2;99;6;0m[48;2;67;18;16m▀[38;2;148;23;15m[48;2;80;17;14m▀[38;2;177;57;52m[48;2;160;156;133m▀[38;2;155;158;140m[48;2;201;202;197m▀[38;2;193;197;196m[48;2;209;213;212m▀[38;2;171;170;147m[48;2;198;201;203m▀[38;2;175;174;153m[48;2;182;182;163m▀[38;2;65;20;15m[48;2;147;152;154m▀[38;2;136;137;136m[48;2;161;165;165m▀[38;2;160;160;158m[48;2;153;152;144m▀[38;2;182;184;184m[48;2;115;81;57m▀[38;2;131;105;80m[48;2;126;119;108m▀[0m [0m [0m
[0m [0m [0m [0m [38;2;134;136;129m[48;2;122;112;100m▀[38;2;134;133;131m[48;2;148;147;140m▀[38;2;44;9;4m[48;2;69;16;7m▀[38;2;23;23;26m[48;2;12;7;10m▀[38;2;171;171;170m[48;2;26;31;34m▀[38;2;161;163;156m[48;2;26;15;12m▀[38;2;153;153;147m[48;2;28;12;11m▀[38;2;134;133;127m[48;2;31;11;9m▀[38;2;113;112;111m[48;2;68;53;52m▀[38;2;65;57;52m[48;2;117;117;110m▀[38;2;147;147;131m[48;2;27;2;0m▀[38;2;184;184;153m[48;2;58;17;14m▀[38;2;201;201;187m[48;2;26;7;6m▀[38;2;191;190;188m[48;2;7;7;7m▀[38;2;64;32;31m[48;2;14;10;11m▀[38;2;30;9;9m[48;2;60;20;15m▀[38;2;177;184;181m[48;2;171;175;174m▀[38;2;153;155;152m[48;2;164;166;163m▀[38;2;150;147;139m[48;2;133;119;95m▀[38;2;155;156;156m[49m▀[0m [0m [0m [0m
[0m [0m [0m [0m [38;2;143;140;134m[48;2;139;124;115m▀[38;2;131;122;118m[48;2;112;108;102m▀[38;2;115;64;63m[48;2;118;95;90m▀[38;2;51;12;9m[48;2;140;75;83m▀[38;2;26;7;5m[48;2;9;6;6m▀[38;2;10;11;14m[48;2;44;28;27m▀[38;2;5;5;5m[48;2;44;9;6m▀[38;2;5;5;5m[48;2;11;11;15m▀[38;2;5;5;7m[48;2;9;9;11m▀[38;2;4;4;4m[48;2;18;18;18m▀[38;2;4;4;5m[48;2;48;49;58m▀[38;2;7;7;9m[48;2;12;12;15m▀[38;2;7;7;10m[48;2;9;5;6m▀[38;2;15;15;17m[48;2;80;12;4m▀[38;2;26;7;9m[48;2;94;27;26m▀[38;2;150;96;102m[48;2;113;41;44m▀[38;2;169;172;175m[48;2;153;154;152m▀[38;2;148;149;143m[48;2;143;143;139m▀[38;2;134;133;132m[48;2;134;115;101m▀[0m [0m [0m [0m [0m
[0m [0m [0m [0m [38;2;132;128;108m[49m▀[38;2;134;117;111m[48;2;121;107;86m▀[38;2;119;78;71m[48;2;108;95;74m▀[38;2;47;9;4m[48;2;115;70;67m▀[38;2;83;28;27m[48;2;152;115;117m▀[38;2;69;62;58m[48;2;122;106;100m▀[38;2;96;32;28m[48;2;103;89;80m▀[38;2;37;14;11m[48;2;20;6;5m▀[38;2;145;127;127m[48;2;15;4;2m▀[38;2;102;46;39m[48;2;6;5;6m▀[38;2;42;9;5m[48;2;23;6;5m▀[38;2;115;59;55m[48;2;73;54;58m▀[38;2;73;14;7m[48;2;121;115;110m▀[38;2;41;23;23m[48;2;172;166;163m▀[38;2;44;33;34m[48;2;187;188;188m▀[38;2;150;153;148m[48;2;158;159;155m▀[38;2;137;137;127m[48;2;128;128;121m▀[38;2;118;119;113m[48;2;160;143;134m▀[38;2;142;116;106m[49m▀[0m [0m [0m [0m [0m
[0m [0m [0m [0m [0m [38;2;139;131;124m[49m▀[38;2;126;115;106m[48;2;116;99;85m▀[38;2;101;87;85m[48;2;105;91;84m▀[38;2;129;101;100m[48;2;95;68;63m▀[38;2;134;118;115m[48;2;153;148;144m▀[38;2;129;108;97m[48;2;181;180;179m▀[38;2;158;156;154m[48;2;96;38;31m▀[38;2;31;15;15m[48;2;148;121;126m▀[38;2;52;9;6m[48;2;119;111;108m▀[38;2;149;117;126m[48;2;152;145;148m▀[38;2;142;103;112m[48;2;180;168;172m▀[38;2;159;159;160m[48;2;110;100;97m▀[38;2;150;140;138m[48;2;115;112;107m▀[38;2;128;129;124m[48;2;95;95;91m▀[38;2;128;131;129m[48;2;127;112;102m▀[38;2;159;155;150m[48;2;153;137;134m▀[38;2;147;140;133m[49m▀[0m [0m [0m [0m [0m [0m
[0m [0m [0m [0m [0m [0m [0m [38;2;123;99;84m[49m▀[38;2;124;117;112m[48;2;108;83;75m▀[38;2;86;76;70m[48;2;108;83;74m▀[38;2;83;74;64m[48;2;108;92;86m▀[38;2;38;10;6m[48;2;87;87;85m▀[38;2;58;25;21m[48;2;48;26;25m▀[38;2;110;106;105m[48;2;89;94;92m▀[38;2;87;83;78m[48;2;85;86;81m▀[38;2;79;73;69m[48;2;74;74;68m▀[38;2;80;79;75m[48;2;80;80;76m▀[38;2;92;94;94m[48;2;136;136;137m▀[38;2;121;115;107m[48;2;169;170;174m▀[38;2;177;181;187m[48;2;133;118;112m▀[38;2;90;49;36m[49m▀[0m [0m [0m [0m [0m [0m [0m
[0m [0m [0m [0m [0m [0m [0m [0m [0m [38;2;131;119;118m[48;2;91;37;28m▀[38;2;92;63;57m[48;2;87;63;60m▀[38;2;111;106;103m[48;2;64;34;30m▀[38;2;54;47;43m[48;2;74;54;55m▀[38;2;68;63;57m[48;2;74;71;71m▀[38;2;69;67;62m[48;2;65;60;54m▀[38;2;69;68;62m[48;2;133;127;119m▀[38;2;92;89;74m[48;2;63;54;41m▀[38;2;133;131;123m[48;2;133;124;112m▀[38;2;149;148;143m[48;2;129;115;105m▀[0m [0m [0m [0m [0m [0m [0m [0m [0m
[0m [0m [0m [0m [0m [0m [0m [0m [0m [0m [0m [0m [0m [0m [0m [38;2;131;116;115m[49m▀[38;2;129;127;119m[48;2;106;81;65m▀[38;2;126;126;121m[49m▀[0m [0m [0m [0m [0m [0m [0m [0m [0m [0m
