[0m [0m [0m [0m [0m [0m [0m [0m [0m [0m [0m [0m [38;2;51;51;51m[49m▄[38;2;51;51;51m[49m▄[38;2;51;51;51m[49m▄[38;2;146;136;90m[49m▄[38;2;146;136;90m[49m▄[38;2;51;51;51m[49m▄[38;2;50;50;50m[49m▄[0m [0m [0m [0m [0m [0m [0m [0m [0m [0m [0m [0m [0m
[0m [0m [0m [0m [0m [0m [0m [38;2;51;51;51m[49m▄[38;2;146;136;90m[49m▄[38;2;51;51;51m[48;2;146;136;90m▀[38;2;146;136;90m[48;2;146;136;90m▀[38;2;146;136;90m[48;2;146;136;90m▀[38;2;146;136;90m[48;2;146;136;90m▀[38;2;146;136;90m[48;2;146;136;90m▀[38;2;146;136;90m[48;2;146;136;90m▀[38;2;146;136;90m[48;2;100;89;39m▀[38;2;146;136;90m[48;2;146;136;90m▀[38;2;146;136;90m[48;2;146;136;90m▀[38;2;146;136;90m[48;2;146;136;90m▀[38;2;146;136;90m[48;2;146;136;90m▀[38;2;51;51;51m[48;2;146;136;90m▀[38;2;146;136;90m[49m▄[38;2;51;51;51m[49m▄[0m [0m [0m [0m [0m [0m [0m [0m [0m
[0m [0m [0m [0m [0m [38;2;51;51;51m[49m▄[38;2;51;51;51m[48;2;146;136;90m▀[38;2;146;136;90m[48;2;146;136;90m▀[38;2;146;136;90m[48;2;146;136;90m▀[38;2;146;136;90m[48;2;146;136;90m▀[38;2;146;136;90m[48;2;146;136;90m▀[38;2;146;136;90m[48;2;146;136;90m▀[38;2;146;136;90m[48;2;146;136;90m▀[38;2;146;136;90m[48;2;146;136;90m▀[38;2;146;136;90m[48;2;146;136;90m▀[38;2;146;136;90m[48;2;100;89;39m▀[38;2;146;136;90m[48;2;146;136;90m▀[38;2;146;136;90m[48;2;146;136;90m▀[38;2;146;136;90m[48;2;146;136;90m▀[38;2;146;136;90m[48;2;146;136;90m▀[38;2;146;136;90m[48;2;146;136;90m▀[38;2;146;136;90m[48;2;146;136;90m▀[38;2;146;136;90m[48;2;146;136;90m▀[38;2;146;136;90m[48;2;146;136;90m▀[38;2;51;51;51m[48;2;146;136;90m▀[38;2;51;51;51m[49m▄[0m [0m [0m [0m [0m [0m
[0m [0m [0m [38;2;51;51;51m[49m▄[38;2;51;51;51m[48;2;146;136;90m▀[38;2;146;136;90m[48;2;146;136;90m▀[38;2;146;136;90m[48;2;146;136;90m▀[38;2;146;136;90m[48;2;146;136;90m▀[38;2;146;136;90m[48;2;146;136;90m▀[38;2;146;136;90m[48;2;146;136;90m▀[38;2;146;136;90m[48;2;146;136;90m▀[38;2;146;136;90m[48;2;146;136;90m▀[38;2;146;136;90m[48;2;146;136;90m▀[38;2;146;136;90m[48;2;146;136;90m▀[38;2;146;136;90m[48;2;146;136;90m▀[38;2;146;136;90m[48;2;146;136;90m▀[38;2;100;89;39m[48;2;146;136;90m▀[38;2;146;136;90m[48;2;146;136;90m▀[38;2;146;136;90m[48;2;146;136;90m▀[38;2;146;136;90m[48;2;146;136;90m▀[38;2;146;136;90m[48;2;146;136;90m▀[38;2;146;136;90m[48;2;146;136;90m▀[38;2;146;136;90m[48;2;146;136;90m▀[38;2;146;136;90m[48;2;146;136;90m▀[38;2;146;136;90m[48;2;146;136;90m▀[38;2;146;136;90m[48;2;146;136;90m▀[38;2;51;51;51m[48;2;146;136;90m▀[0m [0m [0m [0m [0m
[0m [0m [38;2;51;51;51m[49m▄[38;2;146;136;90m[48;2;146;136;90m▀[38;2;146;136;90m[48;2;146;136;90m▀[38;2;146;136;90m[48;2;146;136;90m▀[38;2;146;136;90m[48;2;146;136;90m▀[38;2;146;136;90m[48;2;146;136;90m▀[38;2;146;136;90m[48;2;146;136;90m▀[38;2;146;136;90m[48;2;146;136;90m▀[38;2;146;136;90m[48;2;146;136;90m▀[38;2;146;136;90m[48;2;146;136;90m▀[38;2;146;136;90m[48;2;146;136;90m▀[38;2;146;136;90m[48;2;146;136;90m▀[38;2;146;136;90m[48;2;146;136;90m▀[38;2;100;89;39m[48;2;146;136;90m▀[38;2;146;136;90m[48;2;146;136;90m▀[38;2;146;136;90m[48;2;146;136;90m▀[38;2;146;136;90m[48;2;146;136;90m▀[38;2;146;136;90m[48;2;146;136;90m▀[38;2;146;136;90m[48;2;146;136;90m▀[38;2;146;136;90m[48;2;146;136;90m▀[38;2;146;136;90m[48;2;146;136;90m▀[38;2;146;136;90m[48;2;146;136;90m▀[38;2;146;136;90m[48;2;146;136;90m▀[38;2;146;136;90m[48;2;146;136;90m▀[38;2;146;136;90m[48;2;146;136;90m▀[38;2;51;51;51m[48;2;146;136;90m▀[38;2;51;51;51m[49m▄[0m [0m [0m
[0m [38;2;51;51;51m[49m▄[38;2;146;136;90m[48;2;146;136;90m▀[38;2;146;136;90m[48;2;146;136;90m▀[38;2;146;136;90m[48;2;146;136;90m▀[38;2;146;136;90m[48;2;146;136;90m▀[38;2;146;136;90m[48;2;146;136;90m▀[38;2;146;136;90m[48;2;146;136;90m▀[38;2;146;136;90m[48;2;146;136;90m▀[38;2;146;136;90m[48;2;146;136;90m▀[38;2;146;136;90m[48;2;146;136;90m▀[38;2;146;136;90m[48;2;146;136;90m▀[38;2;146;136;90m[48;2;146;136;90m▀[38;2;146;136;90m[48;2;146;136;90m▀[38;2;146;136;90m[48;2;146;136;90m▀[38;2;100;89;39m[48;2;146;136;90m▀[38;2;146;136;90m[48;2;146;136;90m▀[38;2;146;136;90m[48;2;146;136;90m▀[38;2;146;136;90m[48;2;146;136;90m▀[38;2;146;136;90m[48;2;146;136;90m▀[38;2;146;136;90m[48;2;146;136;90m▀[38;2;146;136;90m[48;2;146;136;90m▀[38;2;146;136;90m[48;2;146;136;90m▀[38;2;146;136;90m[48;2;146;136;90m▀[38;2;146;136;90m[48;2;146;136;90m▀[38;2;146;136;90m[48;2;146;136;90m▀[38;2;146;136;90m[48;2;146;136;90m▀[38;2;146;136;90m[48;2;146;136;90m▀[38;2;146;136;90m[48;2;146;136;90m▀[0m [0m [0m
[0m [38;2;51;51;51m[48;2;51;51;51m▀[38;2;146;136;90m[48;2;146;136;90m▀[38;2;146;136;90m[48;2;146;136;90m▀[38;2;146;136;90m[48;2;146;136;90m▀[38;2;146;136;90m[48;2;146;136;90m▀[38;2;146;136;90m[48;2;146;136;90m▀[38;2;146;136;90m[48;2;146;136;90m▀[38;2;146;136;90m[48;2;146;136;90m▀[38;2;146;136;90m[48;2;146;136;90m▀[38;2;146;136;90m[48;2;146;136;90m▀[38;2;146;136;90m[48;2;146;136;90m▀[38;2;146;136;90m[48;2;146;136;90m▀[38;2;146;136;90m[48;2;146;136;90m▀[38;2;146;136;90m[48;2;146;136;90m▀[38;2;146;136;90m[48;2;146;136;90m▀[38;2;100;89;39m[48;2;146;136;90m▀[38;2;146;136;90m[48;2;146;136;90m▀[38;2;146;136;90m[48;2;146;136;90m▀[38;2;146;136;90m[48;2;146;136;90m▀[38;2;146;136;90m[48;2;146;136;90m▀[38;2;146;136;90m[48;2;146;136;90m▀[38;2;146;136;90m[48;2;146;136;90m▀[38;2;146;136;90m[48;2;146;136;90m▀[38;2;146;136;90m[48;2;146;136;90m▀[38;2;146;136;90m[48;2;146;136;90m▀[38;2;146;136;90m[48;2;146;136;90m▀[38;2;146;136;90m[48;2;146;136;90m▀[38;2;146;136;90m[48;2;146;136;90m▀[38;2;51;51;51m[48;2;146;136;90m▀[0m [0m
[0m [38;2;146;136;90m[48;2;146;136;90m▀[38;2;146;136;90m[48;2;146;136;90m▀[38;2;146;136;90m[48;2;146;136;90m▀[38;2;146;136;90m[48;2;146;136;90m▀[38;2;146;136;90m[48;2;146;136;90m▀[38;2;146;136;90m[48;2;146;136;90m▀[38;2;146;136;90m[48;2;26;26;26m▀[38;2;146;136;90m[48;2;51;51;51m▀[38;2;146;136;90m[48;2;51;51;51m▀[38;2;146;136;90m[48;2;26;26;26m▀[38;2;146;136;90m[48;2;146;136;90m▀[38;2;146;136;90m[48;2;146;136;90m▀[38;2;146;136;90m[48;2;146;136;90m▀[38;2;146;136;90m[48;2;146;136;90m▀[38;2;146;136;90m[48;2;100;89;39m▀[38;2;100;89;39m[48;2;146;136;90m▀[38;2;146;136;90m[48;2;146;136;90m▀[38;2;146;136;90m[48;2;146;136;90m▀[38;2;146;136;90m[48;2;146;136;90m▀[38;2;146;136;90m[48;2;26;26;26m▀[38;2;146;136;90m[48;2;51;51;51m▀[38;2;146;136;90m[48;2;51;51;51m▀[38;2;146;136;90m[48;2;26;26;26m▀[38;2;146;136;90m[48;2;146;136;90m▀[38;2;146;136;90m[48;2;146;136;90m▀[38;2;146;136;90m[48;2;146;136;90m▀[38;2;146;136;90m[48;2;146;136;90m▀[38;2;146;136;90m[48;2;146;136;90m▀[38;2;146;136;90m[48;2;146;136;90m▀[0m [0m
[0m [38;2;146;136;90m[48;2;51;51;51m▀[38;2;146;136;90m[48;2;146;136;90m▀[38;2;146;136;90m[48;2;146;136;90m▀[38;2;146;136;90m[48;2;146;136;90m▀[38;2;146;136;90m[48;2;146;136;90m▀[38;2;26;26;26m[48;2;51;51;51m▀[38;2;51;51;51m[48;2;51;51;51m▀[38;2;51;51;51m[48;2;146;136;90m▀[38;2;51;51;51m[48;2;146;136;90m▀[38;2;51;51;51m[48;2;51;51;51m▀[38;2;26;26;26m[48;2;51;51;51m▀[38;2;146;136;90m[48;2;146;136;90m▀[38;2;146;136;90m[48;2;146;136;90m▀[38;2;146;136;90m[48;2;146;136;90m▀[38;2;146;136;90m[48;2;100;89;39m▀[38;2;146;136;90m[48;2;146;136;90m▀[38;2;146;136;90m[48;2;146;136;90m▀[38;2;146;136;90m[48;2;146;136;90m▀[38;2;26;26;26m[48;2;51;51;51m▀[38;2;51;51;51m[48;2;51;51;51m▀[38;2;51;51;51m[48;2;146;136;90m▀[38;2;51;51;51m[48;2;146;136;90m▀[38;2;51;51;51m[48;2;51;51;51m▀[38;2;26;26;26m[48;2;51;51;51m▀[38;2;146;136;90m[48;2;146;136;90m▀[38;2;146;136;90m[48;2;146;136;90m▀[38;2;146;136;90m[48;2;146;136;90m▀[38;2;146;136;90m[48;2;146;136;90m▀[38;2;146;136;90m[48;2;146;136;90m▀[0m [0m
[0m [38;2;51;51;51m[48;2;51;51;51m▀[38;2;146;136;90m[48;2;146;136;90m▀[38;2;146;136;90m[48;2;146;136;90m▀[38;2;146;136;90m[48;2;146;136;90m▀[38;2;146;136;90m[48;2;146;136;90m▀[38;2;51;51;51m[48;2;51;51;51m▀[38;2;51;51;51m[48;2;51;51;51m▀[38;2;146;136;90m[48;2;51;51;51m▀[38;2;146;136;90m[48;2;51;51;51m▀[38;2;51;51;51m[48;2;51;51;51m▀[38;2;51;51;51m[48;2;26;26;26m▀[38;2;146;136;90m[48;2;146;136;90m▀[38;2;146;136;90m[48;2;146;136;90m▀[38;2;146;136;90m[48;2;146;136;90m▀[38;2;146;136;90m[48;2;146;136;90m▀[38;2;100;89;39m[48;2;146;136;90m▀[38;2;146;136;90m[48;2;146;136;90m▀[38;2;146;136;90m[48;2;146;136;90m▀[38;2;51;51;51m[48;2;26;26;26m▀[38;2;51;51;51m[48;2;51;51;51m▀[38;2;146;136;90m[48;2;51;51;51m▀[38;2;146;136;90m[48;2;51;51;51m▀[38;2;51;51;51m[48;2;51;51;51m▀[38;2;51;51;51m[48;2;51;51;51m▀[38;2;146;136;90m[48;2;146;136;90m▀[38;2;146;136;90m[48;2;146;136;90m▀[38;2;146;136;90m[48;2;146;136;90m▀[38;2;146;136;90m[48;2;146;136;90m▀[38;2;146;136;90m[48;2;51;51;51m▀[0m [0m
[0m [0m [38;2;146;136;90m[48;2;51;51;51m▀[38;2;146;136;90m[48;2;146;136;90m▀[38;2;146;136;90m[48;2;146;136;90m▀[38;2;146;136;90m[48;2;146;136;90m▀[38;2;146;136;90m[48;2;146;136;90m▀[38;2;51;51;51m[48;2;146;136;90m▀[38;2;51;51;51m[48;2;146;136;90m▀[38;2;51;51;51m[48;2;146;136;90m▀[38;2;26;26;26m[48;2;146;136;90m▀[38;2;146;136;90m[48;2;146;136;90m▀[38;2;146;136;90m[48;2;146;136;90m▀[38;2;146;136;90m[48;2;146;136;90m▀[38;2;146;136;90m[48;2;146;136;90m▀[38;2;100;89;39m[48;2;146;136;90m▀[38;2;146;136;90m[48;2;100;89;39m▀[38;2;146;136;90m[48;2;146;136;90m▀[38;2;146;136;90m[48;2;146;136;90m▀[38;2;146;136;90m[48;2;146;136;90m▀[38;2;26;26;26m[48;2;146;136;90m▀[38;2;51;51;51m[48;2;146;136;90m▀[38;2;51;51;51m[48;2;146;136;90m▀[38;2;51;51;51m[48;2;146;136;90m▀[38;2;146;136;90m[48;2;146;136;90m▀[38;2;146;136;90m[48;2;146;136;90m▀[38;2;146;136;90m[48;2;146;136;90m▀[38;2;146;136;90m[48;2;146;136;90m▀[38;2;146;136;90m[48;2;146;136;90m▀[38;2;51;51;51m[49m▀[0m [0m
[0m [0m [0m [38;2;51;51;51m[49m▀[38;2;146;136;90m[48;2;139;130;87m▀[38;2;146;136;90m[48;2;146;136;90m▀[38;2;146;136;90m[48;2;146;136;90m▀[38;2;100;89;40m[48;2;146;136;90m▀[38;2;146;136;90m[48;2;146;136;90m▀[38;2;146;136;90m[48;2;100;89;39m▀[38;2;146;136;90m[48;2;146;136;90m▀[38;2;146;136;90m[48;2;146;136;90m▀[38;2;146;136;90m[48;2;146;136;90m▀[38;2;146;136;90m[48;2;146;136;90m▀[38;2;146;136;90m[48;2;146;136;90m▀[38;2;146;136;90m[48;2;146;136;90m▀[38;2;146;136;90m[48;2;100;89;39m▀[38;2;146;136;90m[48;2;146;136;90m▀[38;2;146;136;90m[48;2;146;136;90m▀[38;2;146;136;90m[48;2;146;136;90m▀[38;2;146;136;90m[48;2;146;136;90m▀[38;2;146;136;90m[48;2;146;136;90m▀[38;2;146;136;90m[48;2;100;89;39m▀[38;2;146;136;90m[48;2;146;136;90m▀[38;2;146;136;90m[48;2;146;136;90m▀[38;2;146;136;90m[48;2;146;136;90m▀[38;2;146;136;90m[48;2;146;136;90m▀[38;2;146;136;90m[48;2;51;51;51m▀[38;2;51;51;51m[49m▀[0m [0m [0m
[0m [0m [0m [0m [0m [38;2;51;51;51m[49m▀[38;2;146;136;90m[48;2;51;51;51m▀[38;2;146;136;90m[48;2;146;136;90m▀[38;2;100;89;39m[48;2;146;136;90m▀[38;2;146;136;90m[48;2;146;136;90m▀[38;2;146;136;90m[48;2;100;89;39m▀[38;2;100;89;39m[48;2;146;136;90m▀[38;2;100;89;39m[48;2;146;136;90m▀[38;2;146;136;90m[48;2;146;136;90m▀[38;2;100;89;39m[48;2;146;136;90m▀[38;2;146;136;90m[48;2;146;136;90m▀[38;2;146;136;90m[48;2;146;136;90m▀[38;2;146;136;90m[48;2;146;136;90m▀[38;2;146;136;90m[48;2;146;136;90m▀[38;2;146;136;90m[48;2;146;136;90m▀[38;2;146;136;90m[48;2;146;136;90m▀[38;2;146;136;90m[48;2;146;136;90m▀[38;2;146;136;90m[48;2;146;136;90m▀[38;2;146;136;90m[48;2;146;136;90m▀[38;2;146;136;90m[48;2;146;136;90m▀[38;2;146;136;90m[48;2;51;51;51m▀[38;2;51;51;51m[49m▀[0m [0m [0m [0m [0m
[0m [0m [0m [0m [0m [38;2;51;51;51m[49m▄[38;2;51;51;51m[48;2;26;26;26m▀[38;2;51;51;51m[48;2;255;102;0m▀[38;2;51;51;51m[48;2;51;51;51m▀[38;2;144;134;89m[48;2;51;51;51m▀[38;2;146;136;90m[48;2;146;136;90m▀[38;2;146;136;90m[48;2;146;136;90m▀[38;2;146;136;90m[48;2;146;136;90m▀[38;2;146;136;90m[48;2;146;136;90m▀[38;2;146;136;90m[48;2;146;136;90m▀[38;2;146;136;90m[48;2;146;136;90m▀[38;2;100;89;39m[48;2;146;136;90m▀[38;2;146;136;90m[48;2;146;136;90m▀[38;2;146;136;90m[48;2;146;136;90m▀[38;2;146;136;90m[48;2;146;136;90m▀[38;2;146;136;90m[48;2;146;136;90m▀[38;2;146;136;90m[48;2;146;136;90m▀[38;2;51;51;51m[49m▀[38;2;51;51;51m[49m▀[0m [0m [0m [0m [0m [0m [0m [0m
[0m [0m [0m [0m [0m [38;2;51;51;51m[49m▀[38;2;255;102;0m[48;2;255;102;0m▀[38;2;255;102;0m[48;2;255;102;0m▀[38;2;51;51;51m[48;2;51;51;51m▀[38;2;51;51;51m[48;2;51;51;51m▀[38;2;251;91;14m[48;2;251;91;14m▀[38;2;251;91;14m[48;2;251;91;14m▀[38;2;251;91;14m[48;2;251;91;14m▀[38;2;251;91;14m[48;2;251;91;14m▀[38;2;146;136;90m[48;2;251;91;14m▀[38;2;146;136;90m[48;2;251;91;14m▀[38;2;146;136;90m[48;2;251;91;14m▀[38;2;146;136;90m[48;2;251;91;14m▀[38;2;251;91;14m[48;2;146;136;90m▀[38;2;251;91;14m[48;2;119;81;63m▀[38;2;251;91;14m[48;2;251;91;14m▀[38;2;251;91;14m[48;2;251;91;14m▀[0m [0m [0m [0m [0m [0m [0m [0m [0m [0m
[0m [0m [0m [0m [0m [0m [38;2;51;51;51m[49m▀[38;2;202;159;109m[48;2;255;179;128m▀[38;2;146;136;90m[48;2;146;136;90m▀[38;2;251;91;14m[48;2;251;91;14m▀[38;2;251;91;14m[48;2;251;91;14m▀[38;2;146;136;90m[48;2;251;91;14m▀[38;2;146;136;90m[48;2;251;91;14m▀[38;2;251;91;14m[48;2;251;91;14m▀[38;2;251;91;14m[48;2;251;91;14m▀[38;2;251;91;14m[48;2;251;91;14m▀[38;2;251;91;14m[48;2;251;91;14m▀[38;2;251;91;14m[48;2;251;91;14m▀[38;2;251;91;14m[48;2;251;91;14m▀[38;2;251;91;14m[48;2;251;91;14m▀[38;2;251;91;14m[48;2;251;91;14m▀[38;2;251;91;14m[48;2;255;179;128m▀[0m [0m [0m [0m [0m [0m [0m [0m [0m [0m
[0m [0m [0m [0m [0m [0m [0m [0m [38;2;51;51;51m[49m▀[0m [38;2;51;51;51m[48;2;51;51;51m▀[38;2;251;91;14m[48;2;251;91;14m▀[38;2;251;91;14m[48;2;251;91;14m▀[38;2;251;91;14m[48;2;251;91;14m▀[38;2;251;91;14m[48;2;251;91;14m▀[38;2;251;91;14m[48;2;251;91;14m▀[38;2;251;91;14m[48;2;251;91;14m▀[38;2;251;91;14m[48;2;146;136;90m▀[38;2;251;91;14m[48;2;146;136;90m▀[38;2;251;91;14m[48;2;146;136;90m▀[38;2;251;91;14m[48;2;251;91;14m▀[38;2;51;51;51m[49m▀[0m [0m [0m [0m [0m [0m [0m [0m [0m [0m
[0m [0m [0m [0m [0m [0m [0m [0m [0m [0m [38;2;51;51;51m[48;2;51;51;51m▀[38;2;251;91;14m[48;2;251;91;14m▀[38;2;251;91;14m[48;2;251;91;14m▀[38;2;251;91;14m[48;2;251;91;14m▀[38;2;251;91;14m[48;2;251;91;14m▀[38;2;251;91;14m[48;2;251;91;14m▀[38;2;251;91;14m[48;2;251;91;14m▀[38;2;146;136;90m[48;2;251;91;14m▀[38;2;146;136;90m[48;2;251;91;14m▀[38;2;128;99;71m[48;2;251;91;14m▀[38;2;251;91;14m[48;2;51;51;51m▀[0m [0m [0m [0m [0m [0m [0m [0m [0m [0m [0m
[0m [0m [0m [0m [0m [0m [0m [0m [0m [0m [0m [38;2;251;91;14m[48;2;251;91;14m▀[38;2;251;91;14m[48;2;251;91;14m▀[38;2;251;91;14m[48;2;251;91;14m▀[38;2;251;91;14m[48;2;251;91;14m▀[38;2;51;51;51m[49m▀[38;2;251;91;14m[48;2;251;91;14m▀[38;2;251;91;14m[48;2;251;91;14m▀[38;2;251;91;14m[48;2;251;91;14m▀[38;2;251;91;14m[48;2;251;91;14m▀[38;2;51;51;51m[48;2;51;51;51m▀[0m [0m [0m [0m [0m [0m [0m [0m [0m [0m [0m
[0m [0m [0m [0m [0m [0m [0m [0m [0m [0m [0m [38;2;51;51;51m[49m▀[38;2;146;99;69m[49m▀[38;2;146;99;69m[49m▀[38;2;51;51;51m[49m▀[0m [38;2;51;51;51m[49m▀[38;2;146;99;69m[49m▀[38;2;146;99;69m[49m▀[38;2;146;99;69m[49m▀[0m [0m [0m [0m [0m [0m [0m [0m [0m [0m [0m [0m
