[0m [38;2;39;33;33m[49m▄[38;2;35;29;27m[48;2;70;41;47m▀[38;2;167;170;168m[48;2;70;41;47m▀[38;2;39;33;33m[49m▄[38;2;217;220;224m[49m▄[0m [0m [0m [0m [0m [0m [0m [0m [0m [0m [0m [0m [0m [0m [0m [0m [0m [0m [0m [0m [0m [0m [0m
[0m [38;2;35;29;27m[48;2;39;33;33m▀[38;2;74;47;49m[48;2;70;41;47m▀[38;2;74;47;49m[48;2;70;41;47m▀[38;2;70;41;47m[48;2;65;38;41m▀[38;2;35;29;27m[48;2;49;32;33m▀[38;2;161;156;161m[48;2;47;25;29m▀[38;2;149;142;147m[49m▄[0m [0m [0m [0m [0m [0m [0m [0m [0m [0m [0m [0m [0m [0m [0m [0m [0m [0m [0m [0m [0m
[0m [38;2;55;47;48m[48;2;90;84;82m▀[38;2;58;33;35m[48;2;54;31;32m▀[38;2;65;38;41m[48;2;57;34;40m▀[38;2;65;38;41m[48;2;70;41;47m▀[38;2;54;31;32m[48;2;62;42;45m▀[38;2;49;32;33m[48;2;47;25;29m▀[38;2;35;29;27m[48;2;47;25;29m▀[38;2;173;173;178m[48;2;55;47;48m▀[0m [0m [0m [0m [0m [0m [0m [0m [0m [0m [38;2;193;199;205m[49m▄[38;2;81;66;69m[49m▄[38;2;180;178;181m[48;2;35;29;27m▀[38;2;115;115;115m[48;2;65;38;41m▀[38;2;129;128;128m[48;2;84;58;65m▀[38;2;105;91;97m[48;2;90;66;70m▀[38;2;123;116;122m[48;2;98;81;81m▀[38;2;107;106;103m[48;2;99;90;90m▀[38;2;156;148;154m[49m▀[0m
[0m [38;2;231;231;231m[49m▀[38;2;35;29;27m[48;2;35;29;27m▀[38;2;57;34;40m[48;2;66;48;51m▀[38;2;70;41;47m[48;2;74;49;55m▀[38;2;70;41;47m[48;2;83;52;57m▀[38;2;65;38;41m[48;2;74;49;55m▀[38;2;37;22;23m[48;2;50;34;38m▀[38;2;47;25;29m[48;2;57;40;41m▀[38;2;181;181;182m[48;2;167;166;167m▀[0m [0m [0m [0m [0m [0m [0m [0m [38;2;210;214;217m[48;2;149;142;147m▀[38;2;45;41;41m[48;2;58;33;35m▀[38;2;47;25;29m[48;2;54;31;32m▀[38;2;58;33;35m[48;2;47;25;29m▀[38;2;57;40;41m[48;2;70;41;47m▀[38;2;75;57;58m[48;2;57;40;41m▀[38;2;90;66;70m[48;2;74;49;55m▀[38;2;90;84;82m[48;2;90;84;82m▀[0m [0m [0m
[0m [0m [38;2;79;74;74m[49m▀[38;2;66;48;51m[48;2;107;102;100m▀[38;2;84;58;65m[48;2;90;84;82m▀[38;2;98;69;75m[48;2;74;49;55m▀[38;2;104;74;82m[48;2;107;85;90m▀[38;2;87;75;80m[48;2;74;49;55m▀[38;2;74;49;55m[48;2;91;73;73m▀[38;2;165;165;165m[48;2;174;179;174m▀[38;2;189;189;193m[48;2;189;189;193m▀[0m [0m [0m [0m [0m [0m [38;2;165;171;174m[48;2;185;185;189m▀[38;2;114;113;111m[48;2;156;156;157m▀[38;2;58;33;35m[48;2;84;58;65m▀[38;2;62;42;45m[48;2;90;66;70m▀[38;2;65;38;41m[48;2;83;52;57m▀[38;2;54;31;32m[48;2;57;40;41m▀[38;2;57;40;41m[48;2;57;40;41m▀[38;2;45;41;41m[48;2;75;57;58m▀[0m [0m [0m [0m
[0m [0m [0m [38;2;107;107;107m[49m▀[38;2;117;118;122m[48;2;117;118;122m▀[38;2;89;88;88m[48;2;123;123;123m▀[38;2;87;75;80m[48;2;79;74;74m▀[38;2;66;48;51m[48;2;62;42;45m▀[38;2;90;84;82m[48;2;165;165;158m▀[38;2;181;181;182m[48;2;170;170;173m▀[38;2;189;189;190m[48;2;192;192;198m▀[38;2;217;220;224m[48;2;198;199;204m▀[38;2;199;203;206m[48;2;198;199;204m▀[38;2;205;207;207m[48;2;197;195;198m▀[38;2;193;199;205m[48;2;191;198;199m▀[38;2;210;214;217m[48;2;181;182;189m▀[38;2;217;220;224m[48;2;182;184;189m▀[38;2;177;177;181m[48;2;189;189;190m▀[38;2;181;181;182m[48;2;173;173;173m▀[38;2;107;85;90m[48;2;123;115;115m▀[38;2;90;66;70m[48;2;66;57;59m▀[38;2;75;57;58m[48;2;109;98;99m▀[38;2;57;40;41m[48;2;173;173;173m▀[38;2;87;75;80m[48;2;148;148;148m▀[38;2;147;140;140m[49m▀[0m [0m [0m [0m
[0m [0m [0m [0m [38;2;123;116;122m[48;2;117;118;122m▀[38;2;140;140;140m[48;2;158;161;158m▀[38;2;156;149;149m[48;2;165;165;165m▀[38;2;156;156;157m[48;2;173;173;178m▀[38;2;174;174;181m[48;2;174;177;181m▀[38;2;185;185;189m[48;2;185;189;189m▀[38;2;206;209;213m[48;2;187;189;190m▀[38;2;201;205;212m[48;2;189;193;198m▀[38;2;194;198;199m[48;2;189;198;198m▀[38;2;192;192;198m[48;2;183;189;191m▀[38;2;189;190;198m[48;2;185;189;189m▀[38;2;189;195;198m[48;2;186;189;194m▀[38;2;189;190;196m[48;2;185;189;189m▀[38;2;194;195;198m[48;2;187;189;190m▀[38;2;189;189;193m[48;2;181;182;189m▀[38;2;181;181;182m[48;2;181;186;189m▀[38;2;66;57;59m[48;2;189;192;192m▀[38;2;149;142;147m[48;2;181;181;182m▀[38;2;165;165;165m[48;2;156;149;149m▀[0m [0m [0m [0m [0m [0m
[0m [0m [0m [0m [38;2;140;140;140m[48;2;148;149;154m▀[38;2;156;156;157m[48;2;161;161;164m▀[38;2;166;166;173m[48;2;126;130;134m▀[38;2;156;156;157m[48;2;99;90;90m▀[38;2;166;166;173m[48;2;107;107;107m▀[38;2;173;173;173m[48;2;123;115;115m▀[38;2;186;189;194m[48;2;180;178;181m▀[38;2;189;189;190m[48;2;182;184;189m▀[38;2;189;189;193m[48;2;181;186;189m▀[38;2;182;189;189m[48;2;182;184;189m▀[38;2;189;189;190m[48;2;181;186;189m▀[38;2;188;187;188m[48;2;187;189;190m▀[38;2;189;190;196m[48;2;182;184;189m▀[38;2;174;174;176m[48;2;186;189;194m▀[38;2;174;181;182m[48;2;180;178;181m▀[38;2;176;182;185m[48;2;181;182;189m▀[38;2;185;183;184m[48;2;173;173;173m▀[38;2;181;181;182m[48;2;171;166;170m▀[38;2;182;184;189m[49m▄[0m [0m [0m [0m [0m [0m
[0m [0m [0m [0m [38;2;135;137;132m[48;2;132;123;127m▀[38;2;99;99;100m[48;2;123;124;130m▀[38;2;123;116;122m[48;2;142;145;139m▀[38;2;123;116;122m[48;2;24;24;24m▀[38;2;97;83;88m[48;2;24;24;24m▀[38;2;109;98;99m[48;2;174;174;176m▀[38;2;132;132;132m[48;2;105;91;97m▀[38;2;189;189;190m[48;2;140;140;140m▀[38;2;181;182;189m[48;2;185;185;189m▀[38;2;178;181;182m[48;2;174;181;182m▀[38;2;179;182;187m[48;2;181;182;189m▀[38;2;185;189;189m[48;2;181;181;182m▀[38;2;187;189;190m[48;2;182;189;189m▀[38;2;181;185;186m[48;2;176;182;185m▀[38;2;178;181;182m[48;2;194;195;198m▀[38;2;174;181;182m[48;2;130;123;123m▀[38;2;128;119;121m[48;2;66;57;59m▀[38;2;104;99;98m[48;2;90;84;82m▀[38;2;114;113;111m[48;2;139;132;133m▀[38;2;161;161;164m[48;2;134;125;132m▀[0m [0m [0m [0m [0m
[0m [0m [0m [38;2;168;173;176m[49m▀[38;2;147;140;140m[48;2;123;116;122m▀[38;2;118;108;114m[48;2;135;137;132m▀[38;2;138;136;107m[48;2;39;33;33m▀[38;2;17;15;14m[48;2;21;18;17m▀[38;2;13;10;10m[48;2;17;15;14m▀[38;2;21;18;17m[48;2;24;24;24m▀[38;2;168;173;176m[48;2;180;180;174m▀[38;2;128;119;121m[48;2;87;75;80m▀[38;2;174;174;176m[48;2;167;166;167m▀[38;2;176;182;185m[48;2;181;181;182m▀[38;2;181;181;186m[48;2;189;198;198m▀[38;2;189;195;198m[48;2;189;189;193m▀[38;2;199;203;206m[48;2;165;171;174m▀[38;2;198;198;199m[48;2;194;195;198m▀[38;2;198;198;199m[48;2;161;156;161m▀[38;2;118;108;114m[48;2;161;164;167m▀[38;2;178;181;182m[48;2;178;181;182m▀[38;2;180;180;174m[48;2;24;24;24m▀[38;2;173;173;173m[48;2;35;29;27m▀[38;2;130;123;123m[48;2;79;74;74m▀[0m [0m [0m [0m [0m
[0m [0m [0m [38;2;148;149;154m[49m▄[38;2;107;100;106m[48;2;114;107;107m▀[38;2;123;122;116m[48;2;123;122;116m▀[38;2;13;10;10m[48;2;24;24;24m▀[38;2;13;10;10m[48;2;13;10;10m▀[38;2;13;10;10m[48;2;123;122;116m▀[38;2;130;120;108m[48;2;148;147;141m▀[38;2;165;165;165m[48;2;142;145;139m▀[38;2;99;90;90m[48;2;130;123;123m▀[38;2;181;181;182m[48;2;181;181;182m▀[38;2;191;198;199m[48;2;179;182;187m▀[38;2;185;185;189m[48;2;176;182;185m▀[38;2;189;195;198m[48;2;196;198;199m▀[38;2;183;189;191m[48;2;185;189;189m▀[38;2;179;178;185m[48;2;194;195;198m▀[38;2;149;142;147m[48;2;173;167;173m▀[38;2;161;161;164m[48;2;150;153;148m▀[38;2;173;179;181m[48;2;158;161;158m▀[38;2;24;24;24m[48;2;13;10;10m▀[38;2;13;10;10m[48;2;13;10;10m▀[38;2;66;57;59m[48;2;21;18;17m▀[0m [0m [0m [0m [0m
[0m [0m [0m [38;2;140;140;140m[48;2;165;162;165m▀[38;2;118;108;114m[48;2;149;142;147m▀[38;2;114;113;111m[48;2;123;115;115m▀[38;2;104;99;98m[48;2;132;123;127m▀[38;2;90;84;82m[48;2;149;142;147m▀[38;2;106;106;98m[48;2;165;156;158m▀[38;2;99;90;90m[48;2;165;156;164m▀[38;2;123;116;122m[48;2;188;183;189m▀[38;2;165;156;158m[48;2;165;165;165m▀[38;2;173;172;167m[48;2;189;189;193m▀[38;2;174;174;181m[48;2;158;161;158m▀[38;2;178;181;182m[48;2;182;189;189m▀[38;2;189;195;198m[48;2;189;190;196m▀[38;2;187;189;190m[48;2;185;189;189m▀[38;2;198;198;199m[48;2;189;190;198m▀[38;2;188;183;189m[48;2;192;192;198m▀[38;2;132;132;132m[48;2;97;83;88m▀[38;2;140;140;140m[48;2;99;99;100m▀[38;2;107;107;107m[48;2;109;109;113m▀[38;2;13;10;10m[48;2;107;107;107m▀[38;2;31;21;21m[48;2;140;139;134m▀[38;2;156;156;157m[49m▄[0m [0m [0m [0m
[38;2;115;115;115m[48;2;148;148;148m▀[38;2;148;149;154m[48;2;132;132;132m▀[38;2;148;149;154m[48;2;155;156;162m▀[38;2;179;174;180m[48;2;173;173;173m▀[38;2;155;154;155m[48;2;148;148;148m▀[38;2;156;149;149m[48;2;141;133;139m▀[38;2;156;148;154m[48;2;140;140;140m▀[38;2;149;142;147m[48;2;141;133;139m▀[38;2;161;156;156m[48;2;156;156;157m▀[38;2;148;148;148m[48;2;173;167;173m▀[38;2;165;160;160m[48;2;165;165;170m▀[38;2;123;124;130m[48;2;90;92;98m▀[38;2;179;174;180m[48;2;181;185;186m▀[38;2;191;198;199m[48;2;187;189;190m▀[38;2;174;181;182m[48;2;182;189;189m▀[38;2;189;193;198m[48;2;193;199;205m▀[38;2;189;198;198m[48;2;182;189;189m▀[38;2;189;192;192m[48;2;189;189;190m▀[38;2;194;195;198m[48;2;189;192;192m▀[38;2;155;154;155m[48;2;173;173;173m▀[38;2;165;156;158m[48;2;178;174;174m▀[38;2;166;159;165m[48;2;165;156;164m▀[38;2;156;148;154m[48;2;156;148;154m▀[38;2;171;165;166m[48;2;189;189;190m▀[38;2;189;189;190m[48;2;181;181;182m▀[38;2;173;172;167m[48;2;174;177;181m▀[0m [0m [0m
[38;2;123;122;116m[49m▀[38;2;135;138;140m[48;2;117;118;122m▀[38;2;123;124;130m[48;2;90;84;82m▀[38;2;55;47;48m[48;2;61;54;50m▀[38;2;71;66;66m[48;2;31;21;21m▀[38;2;107;102;100m[48;2;71;66;66m▀[38;2;139;141;146m[48;2;156;156;148m▀[38;2;150;155;156m[48;2;161;164;167m▀[38;2;157;163;166m[48;2;162;172;187m▀[38;2;181;182;189m[48;2;182;189;189m▀[38;2;166;166;173m[48;2;168;173;176m▀[38;2;93;92;90m[48;2;90;84;82m▀[38;2;174;170;176m[48;2;132;123;127m▀[38;2;189;189;193m[48;2;149;142;147m▀[38;2;182;189;195m[48;2;157;151;156m▀[38;2;194;195;198m[48;2;150;155;156m▀[38;2;181;182;189m[48;2;167;166;167m▀[38;2;181;181;186m[48;2;165;165;170m▀[38;2;181;181;182m[48;2;165;165;165m▀[38;2;174;174;181m[48;2;152;147;149m▀[38;2;177;177;181m[48;2;177;177;181m▀[38;2;165;171;174m[48;2;174;174;181m▀[38;2;165;156;164m[48;2;173;173;178m▀[38;2;161;164;167m[48;2;148;147;141m▀[38;2;176;177;178m[48;2;61;54;50m▀[38;2;173;173;173m[48;2;148;148;148m▀[0m [0m [0m
[0m [38;2;79;74;74m[48;2;107;106;103m▀[38;2;117;114;107m[48;2;130;123;123m▀[38;2;71;66;66m[48;2;99;99;100m▀[38;2;47;25;29m[48;2;83;52;57m▀[38;2;99;90;90m[48;2;37;22;23m▀[38;2;134;125;132m[48;2;132;132;132m▀[38;2;174;181;182m[48;2;167;166;167m▀[38;2;181;181;182m[48;2;168;173;176m▀[38;2;173;173;178m[48;2;161;164;167m▀[38;2;181;181;182m[48;2;174;174;176m▀[38;2;118;108;114m[48;2;179;174;180m▀[38;2;82;42;50m[48;2;118;108;114m▀[38;2;81;81;81m[48;2;47;25;29m▀[38;2;107;85;90m[48;2;47;25;29m▀[38;2;134;125;132m[48;2;81;66;69m▀[38;2;140;140;140m[48;2;21;18;17m▀[38;2;139;141;146m[48;2;50;34;38m▀[38;2;147;140;140m[48;2;47;25;29m▀[38;2;103;55;68m[48;2;149;142;147m▀[38;2;177;177;181m[48;2;181;181;186m▀[38;2;174;174;181m[48;2;181;186;189m▀[38;2;181;181;186m[48;2;179;178;185m▀[38;2;54;31;32m[48;2;98;69;75m▀[38;2;91;73;73m[48;2;114;113;111m▀[0m [0m [0m [0m
[0m [0m [38;2;79;74;74m[49m▀[38;2;107;107;107m[48;2;101;97;88m▀[38;2;107;106;103m[48;2;123;122;116m▀[38;2;103;55;68m[48;2;114;107;107m▀[38;2;107;85;90m[48;2;77;33;42m▀[38;2;132;123;127m[48;2;123;116;122m▀[38;2;165;165;165m[48;2;123;123;123m▀[38;2;166;166;173m[48;2;135;138;140m▀[38;2;173;173;178m[48;2;168;173;176m▀[38;2;181;182;189m[48;2;140;139;134m▀[38;2;156;148;154m[48;2;165;165;165m▀[38;2;123;115;115m[48;2;145;142;144m▀[38;2;50;34;38m[48;2;139;132;133m▀[38;2;67;27;34m[48;2;47;25;29m▀[38;2;54;31;32m[48;2;35;29;27m▀[38;2;47;25;29m[48;2;145;117;128m▀[38;2;149;142;147m[48;2;173;173;173m▀[38;2;171;165;166m[48;2;173;172;167m▀[38;2;168;173;176m[48;2;148;149;154m▀[38;2;174;174;181m[48;2;165;165;165m▀[38;2;173;167;173m[48;2;148;149;154m▀[38;2;139;132;133m[48;2;123;116;122m▀[0m [0m [0m [0m [0m
[0m [0m [0m [0m [38;2;104;99;98m[49m▀[38;2;107;102;100m[48;2;107;106;103m▀[38;2;98;81;81m[48;2;99;90;90m▀[38;2;101;97;88m[48;2;82;42;50m▀[38;2;114;113;111m[48;2;107;102;100m▀[38;2;167;166;167m[48;2;109;109;113m▀[38;2;147;140;140m[48;2;142;146;150m▀[38;2;156;156;157m[48;2;174;181;182m▀[38;2;117;118;122m[48;2;113;102;88m▀[38;2;140;140;140m[48;2;114;107;107m▀[38;2;147;140;140m[48;2;139;141;146m▀[38;2;107;85;90m[48;2;57;40;41m▀[38;2;97;83;88m[48;2;109;98;99m▀[38;2;106;106;98m[48;2;109;98;99m▀[38;2;114;113;111m[48;2;130;123;123m▀[38;2;123;123;123m[48;2;142;146;150m▀[38;2;157;151;156m[48;2;117;114;107m▀[38;2;140;140;140m[48;2;133;133;137m▀[38;2;140;140;140m[49m▀[0m [0m [0m [0m [0m [0m
[0m [0m [0m [0m [0m [0m [38;2;107;102;100m[49m▀[38;2;96;90;82m[48;2;114;107;107m▀[38;2;67;27;34m[48;2;114;106;100m▀[38;2;90;84;82m[48;2;77;33;42m▀[38;2;99;90;90m[48;2;13;10;10m▀[38;2;101;97;88m[48;2;81;66;69m▀[38;2;101;97;88m[48;2;74;47;49m▀[38;2;123;115;115m[48;2;115;115;115m▀[38;2;121;93;98m[48;2;150;155;156m▀[38;2;57;23;26m[48;2;39;33;33m▀[38;2;90;66;70m[48;2;140;140;140m▀[38;2;104;99;98m[48;2;82;42;50m▀[38;2;109;109;113m[48;2;96;90;82m▀[38;2;107;102;100m[48;2;101;97;88m▀[38;2;107;107;107m[48;2;167;170;168m▀[0m [0m [0m [0m [0m [0m [0m [0m
[0m [0m [0m [0m [0m [0m [0m [0m [38;2;96;90;82m[49m▀[38;2;101;97;88m[48;2;102;96;77m▀[38;2;83;52;57m[48;2;96;90;82m▀[38;2;77;33;42m[48;2;114;107;107m▀[38;2;37;22;23m[48;2;91;73;73m▀[38;2;135;137;132m[48;2;148;147;141m▀[38;2;142;145;139m[48;2;140;140;140m▀[38;2;17;15;14m[48;2;17;15;14m▀[38;2;148;148;148m[48;2;140;140;140m▀[38;2;148;148;148m[48;2;145;142;144m▀[38;2;97;42;54m[48;2;130;120;108m▀[0m [0m [0m [0m [0m [0m [0m [0m [0m [0m
[0m [0m [0m [0m [0m [0m [0m [0m [0m [0m [0m [38;2;88;82;69m[49m▀[38;2;99;97;95m[49m▀[38;2;117;114;107m[48;2;88;82;69m▀[38;2;123;123;123m[48;2;88;82;69m▀[38;2;89;88;88m[48;2;88;82;69m▀[38;2;134;131;124m[48;2;102;96;77m▀[38;2;121;113;95m[49m▀[0m [0m [0m [0m [0m [0m [0m [0m [0m [0m [0m
