[0m [0m [0m [0m [0m [0m [0m [0m [0m [0m [0m [0m [38;2;21;15;25m[49m▄[38;2;19;13;23m[49m▄[38;2;21;17;32m[49m▄[38;2;23;19;37m[49m▄[38;2;22;14;33m[49m▄[38;2;33;21;52m[49m▄[0m [0m [0m [0m [0m [0m [0m [0m [0m [0m [0m [0m [0m [0m
[0m [0m [0m [0m [0m [0m [0m [0m [0m [38;2;23;16;33m[49m▄[38;2;25;15;32m[48;2;23;16;32m▀[38;2;22;16;30m[48;2;20;16;33m▀[38;2;24;17;35m[48;2;21;18;29m▀[38;2;19;15;30m[48;2;14;11;19m▀[38;2;19;16;25m[48;2;18;15;23m▀[38;2;20;16;31m[48;2;29;19;45m▀[38;2;24;17;34m[48;2;30;19;48m▀[38;2;24;16;37m[48;2;32;19;54m▀[38;2;25;15;40m[48;2;21;15;29m▀[38;2;53;35;72m[48;2;23;15;41m▀[38;2;33;20;48m[49m▄[0m [0m [0m [0m [0m [0m [0m [0m [0m [0m [0m
[0m [0m [0m [0m [0m [0m [0m [38;2;26;15;40m[49m▄[38;2;23;17;31m[48;2;23;17;31m▀[38;2;23;17;31m[48;2;17;14;20m▀[38;2;20;15;30m[48;2;24;18;32m▀[38;2;22;18;33m[48;2;6;5;10m▀[38;2;20;17;28m[48;2;4;3;8m▀[38;2;19;16;26m[48;2;21;16;36m▀[38;2;22;16;32m[48;2;21;16;36m▀[38;2;34;23;53m[48;2;29;21;45m▀[38;2;23;18;40m[48;2;20;16;31m▀[38;2;27;17;45m[48;2;22;18;35m▀[38;2;36;25;57m[48;2;26;16;41m▀[38;2;38;25;55m[48;2;35;22;50m▀[38;2;24;16;37m[48;2;46;33;65m▀[38;2;26;16;40m[48;2;28;19;38m▀[38;2;36;26;52m[49m▄[0m [0m [0m [0m [0m [0m [0m [0m [0m
[0m [0m [0m [0m [0m [0m [38;2;19;13;23m[49m▄[38;2;19;13;24m[48;2;23;17;31m▀[38;2;16;13;21m[48;2;18;12;24m▀[38;2;24;17;35m[48;2;15;12;21m▀[38;2;13;10;17m[48;2;11;9;14m▀[38;2;6;6;8m[48;2;11;9;14m▀[38;2;6;6;8m[48;2;6;6;8m▀[38;2;7;7;9m[48;2;31;12;14m▀[38;2;17;16;23m[48;2;52;14;19m▀[38;2;19;15;30m[48;2;11;9;14m▀[38;2;21;17;34m[48;2;21;17;31m▀[38;2;19;15;28m[48;2;23;18;38m▀[38;2;23;17;31m[48;2;16;15;21m▀[38;2;24;17;35m[48;2;27;19;42m▀[38;2;29;20;47m[48;2;23;19;36m▀[38;2;50;36;72m[48;2;36;23;50m▀[38;2;25;17;39m[48;2;47;36;68m▀[38;2;28;18;45m[48;2;25;16;39m▀[38;2;28;16;46m[49m▄[0m [0m [0m [0m [0m [0m [0m
[0m [0m [0m [0m [0m [38;2;23;15;29m[48;2;23;14;30m▀[38;2;20;14;26m[48;2;21;16;25m▀[38;2;17;14;27m[48;2;27;18;39m▀[38;2;24;17;35m[48;2;24;18;33m▀[38;2;20;16;30m[48;2;12;10;15m▀[38;2;15;12;19m[48;2;18;13;19m▀[38;2;11;9;12m[48;2;60;48;70m▀[38;2;32;12;15m[48;2;111;14;21m▀[38;2;107;94;114m[48;2;137;23;23m▀[38;2;146;67;115m[48;2;181;153;182m▀[38;2;145;93;126m[48;2;194;178;191m▀[38;2;88;8;16m[48;2;136;46;61m▀[38;2;34;13;15m[48;2;144;134;153m▀[38;2;20;15;22m[48;2;122;110;132m▀[38;2;20;17;28m[48;2;53;41;61m▀[38;2;18;15;24m[48;2;23;17;26m▀[38;2;26;18;40m[48;2;12;10;15m▀[38;2;36;26;53m[48;2;22;17;36m▀[38;2;28;20;43m[48;2;45;31;66m▀[38;2;37;24;52m[48;2;22;16;30m▀[0m [0m [0m [0m [0m [0m [0m
[0m [0m [0m [0m [38;2;40;12;80m[49m▄[38;2;18;13;20m[48;2;18;12;22m▀[38;2;19;14;21m[48;2;21;17;32m▀[38;2;25;16;35m[48;2;19;14;26m▀[38;2;23;17;28m[48;2;11;9;12m▀[38;2;16;11;17m[48;2;31;20;32m▀[38;2;78;66;90m[48;2;97;86;109m▀[38;2;137;125;145m[48;2;139;23;27m▀[38;2;177;86;117m[48;2;177;30;36m▀[38;2;190;67;132m[48;2;193;61;117m▀[38;2;205;194;208m[48;2;203;186;204m▀[38;2;204;145;186m[48;2;205;53;129m▀[38;2;167;30;38m[48;2;188;170;186m▀[38;2;154;51;71m[48;2;204;197;207m▀[38;2;170;161;180m[48;2;193;183;201m▀[38;2;131;117;142m[48;2;146;134;156m▀[38;2;101;89;109m[48;2;108;97;117m▀[38;2;34;25;40m[48;2;58;47;66m▀[38;2;13;11;16m[48;2;16;13;20m▀[38;2;25;18;36m[48;2;12;10;15m▀[38;2;20;17;28m[48;2;30;20;47m▀[38;2;27;14;39m[48;2;22;15;32m▀[0m [0m [0m [0m [0m [0m
[0m [0m [0m [0m [38;2;20;15;25m[48;2;22;14;27m▀[38;2;18;13;20m[48;2;20;14;24m▀[38;2;19;12;23m[48;2;14;11;18m▀[38;2;14;12;17m[48;2;12;10;16m▀[38;2;16;11;14m[48;2;15;10;14m▀[38;2;36;13;16m[48;2;53;17;21m▀[38;2;94;7;19m[48;2;122;81;115m▀[38;2;202;140;182m[48;2;219;210;222m▀[38;2;219;152;195m[48;2;201;85;154m▀[38;2;197;29;39m[48;2;193;28;38m▀[38;2;219;213;225m[48;2;238;202;225m▀[38;2;185;28;43m[48;2;186;84;123m▀[38;2;226;220;227m[48;2;193;156;176m▀[38;2;219;201;220m[48;2;178;143;168m▀[38;2;206;140;185m[48;2;199;191;204m▀[38;2;122;14;46m[48;2;164;149;170m▀[38;2;107;93;117m[48;2;119;106;124m▀[38;2;67;54;80m[48;2;74;60;85m▀[38;2;23;16;24m[48;2;23;16;25m▀[38;2;12;9;16m[48;2;18;15;22m▀[38;2;19;16;27m[48;2;11;9;14m▀[38;2;17;14;23m[48;2;15;12;18m▀[0m [0m [0m [0m [0m [0m
[0m [0m [0m [0m [38;2;17;11;22m[48;2;17;12;21m▀[38;2;19;13;23m[48;2;19;13;23m▀[38;2;13;11;16m[48;2;14;11;18m▀[38;2;12;10;15m[48;2;13;11;16m▀[38;2;15;10;14m[48;2;17;12;18m▀[38;2;78;64;89m[48;2;98;86;106m▀[38;2;150;137;157m[48;2;172;164;186m▀[38;2;170;158;178m[48;2;93;27;67m▀[38;2;15;10;16m[48;2;9;7;12m▀[38;2;15;10;14m[48;2;12;10;13m▀[38;2;178;29;37m[48;2;159;27;37m▀[38;2;147;24;34m[48;2;144;22;30m▀[38;2;29;18;30m[48;2;12;10;15m▀[38;2;13;11;16m[48;2;12;10;15m▀[38;2;103;76;103m[48;2;11;10;16m▀[38;2;187;179;194m[48;2;175;164;181m▀[38;2;135;120;138m[48;2;121;17;21m▀[38;2;84;71;91m[48;2;110;97;120m▀[38;2;30;19;35m[48;2;50;38;62m▀[38;2;17;14;21m[48;2;17;12;21m▀[38;2;11;9;14m[48;2;11;9;14m▀[38;2;27;17;37m[48;2;20;16;29m▀[38;2;39;16;53m[48;2;24;17;33m▀[0m [0m [0m [0m [0m
[0m [0m [0m [0m [38;2;17;11;21m[48;2;16;10;20m▀[38;2;17;14;21m[48;2;18;13;20m▀[38;2;12;10;15m[48;2;12;10;15m▀[38;2;11;9;15m[48;2;14;12;17m▀[38;2;28;18;28m[48;2;71;57;79m▀[38;2;107;95;117m[48;2;163;152;171m▀[38;2;174;133;166m[48;2;11;9;14m▀[38;2;10;8;13m[48;2;12;10;15m▀[38;2;12;7;11m[48;2;12;10;13m▀[38;2;14;9;13m[48;2;16;11;17m▀[38;2;163;28;35m[48;2;176;28;38m▀[38;2;163;28;37m[48;2;193;43;98m▀[38;2;42;19;31m[48;2;201;194;205m▀[38;2;15;10;16m[48;2;9;9;20m▀[38;2;14;12;17m[48;2;19;14;20m▀[38;2;41;30;51m[48;2;17;14;21m▀[38;2;168;22;59m[48;2;42;27;47m▀[38;2;147;134;158m[48;2;185;176;192m▀[38;2;85;67;92m[48;2;139;22;28m▀[38;2;26;18;38m[48;2;23;12;22m▀[38;2;11;9;14m[48;2;12;10;15m▀[38;2;15;12;19m[48;2;12;9;16m▀[38;2;19;13;27m[48;2;16;13;22m▀[0m [0m [0m [0m [0m
[0m [0m [0m [0m [38;2;17;11;21m[48;2;15;13;23m▀[38;2;17;11;21m[48;2;18;13;21m▀[38;2;21;15;27m[48;2;13;10;16m▀[38;2;26;15;27m[48;2;30;16;35m▀[38;2;147;132;151m[48;2;182;169;183m▀[38;2;15;13;17m[48;2;11;9;14m▀[38;2;12;10;15m[48;2;14;13;18m▀[38;2;16;11;17m[48;2;15;13;18m▀[38;2;16;10;15m[48;2;207;201;210m▀[38;2;220;208;222m[48;2;180;28;41m▀[38;2;174;29;42m[48;2;205;201;213m▀[38;2;204;46;67m[48;2;225;201;205m▀[38;2;216;107;139m[48;2;216;212;222m▀[38;2;183;88;142m[48;2;229;228;236m▀[38;2;17;10;14m[48;2;180;38;86m▀[38;2;19;12;19m[48;2;19;14;16m▀[38;2;18;13;20m[48;2;18;14;22m▀[38;2;14;12;17m[48;2;51;40;67m▀[38;2;160;26;33m[48;2;162;27;33m▀[38;2;11;8;15m[48;2;16;11;19m▀[38;2;13;11;16m[48;2;12;9;16m▀[38;2;14;12;17m[48;2;13;10;17m▀[38;2;16;13;22m[48;2;16;12;22m▀[0m [0m [0m [0m [0m
[0m [0m [0m [0m [38;2;20;11;20m[49m▀[38;2;17;12;19m[48;2;16;11;18m▀[38;2;15;11;16m[48;2;14;9;15m▀[38;2;29;17;36m[48;2;15;10;16m▀[38;2;155;26;33m[48;2;65;16;22m▀[38;2;165;152;170m[48;2;150;25;33m▀[38;2;161;26;53m[48;2;167;27;36m▀[38;2;216;145;179m[48;2;158;27;35m▀[38;2;162;134;160m[48;2;209;204;218m▀[38;2;173;29;35m[48;2;165;30;32m▀[38;2;200;194;206m[48;2;85;50;81m▀[38;2;35;22;35m[48;2;42;29;45m▀[38;2;211;209;219m[48;2;34;16;33m▀[38;2;220;215;225m[48;2;214;208;219m▀[38;2;192;118;143m[48;2;219;210;223m▀[38;2;189;28;37m[48;2;154;28;32m▀[38;2;184;29;37m[48;2;164;28;35m▀[38;2;163;27;36m[48;2;133;22;28m▀[38;2;95;8;20m[48;2;15;12;23m▀[38;2;14;12;17m[48;2;16;13;20m▀[38;2;14;11;18m[48;2;14;11;17m▀[38;2;13;10;17m[48;2;13;10;19m▀[38;2;21;17;30m[49m▀[0m [0m [0m [0m [0m
[0m [0m [0m [0m [0m [38;2;18;13;20m[49m▀[38;2;12;10;15m[48;2;15;11;18m▀[38;2;18;13;19m[48;2;13;11;16m▀[38;2;16;11;15m[48;2;23;15;27m▀[38;2;88;10;16m[48;2;15;11;17m▀[38;2;116;16;20m[48;2;89;17;39m▀[38;2;136;118;137m[48;2;180;173;192m▀[38;2;193;131;168m[48;2;204;195;212m▀[38;2;206;192;209m[48;2;231;202;223m▀[38;2;180;26;67m[48;2;227;226;234m▀[38;2;217;211;221m[48;2;187;32;53m▀[38;2;209;195;212m[48;2;191;29;40m▀[38;2;223;218;227m[48;2;248;248;252m▀[38;2;205;155;184m[48;2;213;199;212m▀[38;2;180;178;195m[48;2;185;178;194m▀[38;2;86;12;26m[48;2;95;9;26m▀[38;2;27;15;27m[48;2;22;13;22m▀[38;2;20;14;24m[48;2;16;13;22m▀[38;2;15;12;19m[48;2;16;13;22m▀[38;2;16;13;22m[48;2;16;13;22m▀[38;2;19;13;25m[49m▀[0m [0m [0m [0m [0m [0m
[0m [0m [0m [0m [0m [0m [38;2;14;11;18m[49m▀[38;2;13;11;16m[48;2;13;11;18m▀[38;2;16;13;20m[48;2;12;10;15m▀[38;2;29;19;41m[48;2;14;12;17m▀[38;2;79;67;91m[48;2;13;11;16m▀[38;2;170;162;183m[48;2;136;124;146m▀[38;2;195;129;167m[48;2;194;187;205m▀[38;2;208;205;216m[48;2;182;171;188m▀[38;2;117;92;119m[48;2;16;13;20m▀[38;2;15;14;22m[48;2;12;10;15m▀[38;2;18;13;22m[48;2;22;17;24m▀[38;2;151;131;155m[48;2;22;14;25m▀[38;2;220;215;226m[48;2;159;29;48m▀[38;2;189;179;196m[48;2;202;184;199m▀[38;2;63;51;75m[48;2;39;23;44m▀[38;2;15;12;19m[48;2;14;11;18m▀[38;2;14;11;18m[48;2;15;12;19m▀[38;2;14;11;18m[48;2;14;11;18m▀[38;2;16;13;22m[49m▀[0m [0m [0m [0m [0m [0m [0m
[0m [0m [0m [0m [0m [0m [0m [0m [38;2;12;10;17m[48;2;12;9;16m▀[38;2;15;12;18m[48;2;11;9;14m▀[38;2;15;12;19m[48;2;17;14;21m▀[38;2;34;14;18m[48;2;11;9;14m▀[38;2;185;178;196m[48;2;159;27;35m▀[38;2;193;187;202m[48;2;205;199;213m▀[38;2;14;11;18m[48;2;14;11;18m▀[38;2;13;11;16m[48;2;11;9;14m▀[38;2;12;11;17m[48;2;12;11;17m▀[38;2;16;13;20m[48;2;16;13;22m▀[38;2;159;143;167m[48;2;55;42;72m▀[38;2;201;194;210m[48;2;187;128;156m▀[38;2;12;11;16m[48;2;11;10;16m▀[38;2;12;11;19m[48;2;13;12;18m▀[38;2;13;10;18m[48;2;12;11;16m▀[38;2;14;11;18m[48;2;14;11;18m▀[38;2;37;18;51m[49m▄[0m [0m [0m [0m [0m [0m [0m
[0m [0m [0m [0m [0m [0m [0m [38;2;16;13;20m[49m▄[38;2;24;21;32m[48;2;19;16;25m▀[38;2;11;9;14m[48;2;9;7;12m▀[38;2;11;9;14m[48;2;10;10;12m▀[38;2;11;9;14m[48;2;9;8;13m▀[38;2;85;11;22m[48;2;11;10;15m▀[38;2;194;183;200m[48;2;188;175;196m▀[38;2;14;12;18m[48;2;14;13;20m▀[38;2;9;8;13m[48;2;14;14;21m▀[38;2;76;15;22m[48;2;13;12;18m▀[38;2;11;10;16m[48;2;16;13;22m▀[38;2;44;31;55m[48;2;56;25;43m▀[38;2;190;132;166m[48;2;172;138;169m▀[38;2;13;12;18m[48;2;12;11;17m▀[38;2;11;10;15m[48;2;16;15;21m▀[38;2;12;11;16m[48;2;11;10;15m▀[38;2;14;12;17m[48;2;8;8;7m▀[38;2;17;15;22m[48;2;10;9;15m▀[38;2;24;16;40m[49m▄[38;2;31;17;50m[49m▄[0m [0m [0m [0m [0m
[0m [0m [0m [0m [38;2;23;15;40m[49m▄[38;2;22;16;29m[49m▄[38;2;26;14;33m[48;2;13;10;17m▀[38;2;10;9;14m[48;2;6;6;8m▀[38;2;17;14;23m[48;2;18;17;22m▀[38;2;9;8;13m[48;2;18;16;31m▀[38;2;9;8;13m[48;2;10;10;12m▀[38;2;11;10;15m[48;2;7;7;9m▀[38;2;11;9;14m[48;2;11;10;15m▀[38;2;117;56;79m[48;2;60;16;30m▀[38;2;134;130;163m[48;2;246;247;249m▀[38;2;16;16;24m[48;2;17;18;37m▀[38;2;39;25;43m[48;2;18;18;30m▀[38;2;22;15;28m[48;2;16;16;25m▀[38;2;209;209;219m[48;2;226;225;231m▀[38;2;157;96;129m[48;2;73;64;85m▀[38;2;13;12;18m[48;2;14;12;19m▀[38;2;10;9;14m[48;2;12;11;17m▀[38;2;11;10;15m[48;2;11;10;15m▀[38;2;11;11;17m[48;2;18;15;35m▀[38;2;24;17;35m[48;2;14;13;19m▀[38;2;15;13;25m[48;2;19;16;28m▀[38;2;24;16;37m[48;2;19;16;30m▀[38;2;20;16;31m[48;2;18;16;29m▀[38;2;18;14;28m[48;2;14;13;19m▀[38;2;22;18;43m[48;2;20;18;39m▀[38;2;16;13;30m[49m▄[0m
[38;2;18;15;32m[49m▄[38;2;22;17;40m[48;2;18;15;31m▀[38;2;19;15;30m[48;2;17;15;27m▀[38;2;16;14;25m[48;2;15;14;21m▀[38;2;21;17;32m[48;2;19;16;27m▀[38;2;20;17;28m[48;2;16;15;22m▀[38;2;9;8;13m[48;2;10;9;14m▀[38;2;6;6;8m[48;2;6;7;9m▀[38;2;8;8;10m[48;2;10;10;12m▀[38;2;11;10;15m[48;2;10;9;14m▀[38;2;9;9;12m[48;2;18;17;25m▀[38;2;13;12;17m[48;2;8;8;10m▀[38;2;12;11;16m[48;2;10;10;12m▀[38;2;12;11;17m[48;2;10;9;14m▀[38;2;224;223;230m[48;2;217;216;223m▀[38;2;33;25;49m[48;2;40;27;53m▀[38;2;35;25;52m[48;2;22;17;38m▀[38;2;19;18;39m[48;2;15;19;35m▀[38;2;231;230;238m[48;2;224;216;227m▀[38;2;34;25;41m[48;2;28;18;35m▀[38;2;14;13;21m[48;2;14;13;19m▀[38;2;8;9;13m[48;2;13;12;18m▀[38;2;11;10;15m[48;2;15;14;20m▀[38;2;18;16;28m[48;2;18;17;25m▀[38;2;10;9;15m[48;2;15;14;22m▀[38;2;21;17;35m[48;2;19;16;29m▀[38;2;17;14;26m[48;2;14;12;25m▀[38;2;17;16;24m[48;2;14;13;19m▀[38;2;14;13;19m[48;2;11;10;15m▀[38;2;18;17;34m[48;2;15;15;25m▀[38;2;21;19;40m[48;2;18;16;37m▀[0m
[38;2;14;12;23m[48;2;14;15;21m▀[38;2;19;18;37m[48;2;19;19;40m▀[38;2;15;14;27m[48;2;10;12;13m▀[38;2;10;9;15m[48;2;8;9;14m▀[38;2;16;15;21m[48;2;12;11;17m▀[38;2;16;15;22m[48;2;13;12;19m▀[38;2;7;7;9m[48;2;6;7;9m▀[38;2;5;5;7m[48;2;8;7;12m▀[38;2;6;6;8m[48;2;5;6;8m▀[38;2;11;11;14m[48;2;9;9;12m▀[38;2;11;10;16m[48;2;8;9;11m▀[38;2;8;8;10m[48;2;8;8;10m▀[38;2;9;9;11m[48;2;8;8;10m▀[38;2;9;8;13m[48;2;9;8;13m▀[38;2;161;148;166m[48;2;90;58;85m▀[38;2;214;209;216m[48;2;219;155;180m▀[38;2;25;21;37m[48;2;21;16;27m▀[38;2;38;28;49m[48;2;176;179;196m▀[38;2;235;229;236m[48;2;231;235;238m▀[38;2;15;11;18m[48;2;12;12;19m▀[38;2;11;10;15m[48;2;11;10;16m▀[38;2;11;10;15m[48;2;28;21;40m▀[38;2;15;13;23m[48;2;10;11;16m▀[38;2;10;9;15m[48;2;7;8;12m▀[38;2;9;8;13m[48;2;19;18;27m▀[38;2;16;15;23m[48;2;32;29;46m▀[38;2;18;16;29m[48;2;15;14;23m▀[38;2;15;14;20m[48;2;12;11;19m▀[38;2;17;17;32m[48;2;15;15;22m▀[38;2;12;13;17m[48;2;14;14;25m▀[38;2;24;23;55m[48;2;16;16;40m▀[0m
[38;2;26;27;58m[48;2;16;16;27m▀[38;2;19;16;39m[48;2;13;13;24m▀[38;2;10;9;17m[48;2;14;16;33m▀[38;2;12;16;19m[48;2;8;9;10m▀[38;2;10;10;15m[48;2;6;7;11m▀[38;2;11;9;15m[48;2;10;9;17m▀[38;2;9;9;11m[48;2;6;7;9m▀[38;2;14;14;22m[48;2;15;15;24m▀[38;2;5;5;7m[48;2;4;5;7m▀[38;2;16;14;25m[48;2;13;13;19m▀[38;2;6;6;8m[48;2;5;6;8m▀[38;2;13;14;19m[48;2;8;9;11m▀[38;2;7;7;7m[48;2;5;5;7m▀[38;2;8;8;10m[48;2;6;6;8m▀[38;2;20;11;17m[48;2;7;7;9m▀[38;2;226;211;224m[48;2;46;15;16m▀[38;2;31;26;53m[48;2;177;29;39m▀[38;2;60;31;48m[48;2;162;30;36m▀[38;2;145;36;67m[48;2;11;9;12m▀[38;2;10;9;14m[48;2;9;9;11m▀[38;2;9;8;14m[48;2;16;15;25m▀[38;2;9;8;13m[48;2;6;6;8m▀[38;2;8;9;13m[48;2;10;10;12m▀[38;2;11;10;16m[48;2;7;8;10m▀[38;2;10;10;18m[48;2;20;18;30m▀[38;2;20;17;34m[48;2;11;12;17m▀[38;2;16;15;23m[48;2;16;15;23m▀[38;2;15;15;23m[48;2;20;20;31m▀[38;2;12;13;20m[48;2;6;7;11m▀[38;2;14;14;25m[48;2;12;15;23m▀[38;2;24;22;43m[48;2;13;15;27m▀[0m
[38;2;8;10;24m[48;2;9;12;20m▀[38;2;19;19;42m[48;2;15;14;26m▀[38;2;6;7;11m[48;2;8;8;15m▀[38;2;4;5;7m[48;2;7;7;9m▀[38;2;5;6;10m[48;2;9;10;14m▀[38;2;9;10;15m[48;2;6;8;8m▀[38;2;9;10;12m[48;2;12;13;17m▀[38;2;13;12;17m[48;2;8;8;10m▀[38;2;5;6;8m[48;2;7;7;9m▀[38;2;8;8;10m[48;2;6;6;8m▀[38;2;12;11;16m[48;2;8;9;13m▀[38;2;3;4;6m[48;2;15;14;18m▀[38;2;4;5;7m[48;2;10;10;12m▀[38;2;8;8;8m[48;2;8;9;11m▀[38;2;5;6;8m[48;2;7;7;9m▀[38;2;7;7;9m[48;2;9;10;14m▀[38;2;6;6;8m[48;2;5;6;8m▀[38;2;7;7;9m[48;2;7;8;10m▀[38;2;6;6;8m[48;2;6;7;9m▀[38;2;13;12;17m[48;2;16;15;23m▀[38;2;10;9;14m[48;2;7;8;10m▀[38;2;3;4;6m[48;2;14;14;21m▀[38;2;6;7;13m[48;2;7;8;12m▀[38;2;11;12;17m[48;2;11;12;16m▀[38;2;13;14;19m[48;2;11;11;19m▀[38;2;14;13;18m[48;2;15;16;22m▀[38;2;17;17;28m[48;2;10;11;15m▀[38;2;22;24;38m[48;2;21;22;40m▀[38;2;22;23;42m[48;2;19;21;36m▀[38;2;6;7;12m[48;2;10;13;21m▀[38;2;7;7;14m[48;2;5;6;8m▀[0m
