[38;2;31;28;47m[48;2;31;28;47m▀[38;2;31;28;47m[48;2;31;28;47m▀[38;2;31;28;47m[48;2;31;28;47m▀[38;2;31;28;47m[48;2;31;28;47m▀[38;2;31;28;47m[48;2;31;28;47m▀[38;2;31;28;47m[48;2;31;28;47m▀[38;2;31;28;47m[48;2;31;28;47m▀[38;2;31;28;47m[48;2;31;28;47m▀[38;2;31;28;47m[48;2;31;28;47m▀[38;2;31;28;47m[48;2;31;28;47m▀[38;2;31;28;47m[48;2;31;28;47m▀[38;2;31;28;47m[48;2;31;28;47m▀[38;2;31;28;47m[48;2;31;28;47m▀[38;2;31;28;47m[48;2;31;28;47m▀[38;2;31;28;47m[48;2;31;28;47m▀[38;2;31;28;47m[48;2;31;28;47m▀[38;2;31;28;47m[48;2;31;28;47m▀[38;2;31;28;47m[48;2;31;28;47m▀[38;2;31;28;47m[48;2;31;28;47m▀[38;2;31;28;47m[48;2;31;28;47m▀[38;2;31;28;47m[48;2;31;28;47m▀[38;2;31;28;47m[48;2;31;28;47m▀[38;2;31;28;47m[48;2;31;28;47m▀[38;2;31;28;47m[48;2;31;28;47m▀[38;2;31;28;47m[48;2;31;28;47m▀[38;2;31;28;47m[48;2;31;28;47m▀[38;2;31;28;47m[48;2;31;28;47m▀[38;2;31;28;47m[48;2;31;28;47m▀[38;2;31;28;47m[48;2;31;28;47m▀[38;2;31;28;47m[48;2;31;28;47m▀[38;2;31;28;47m[48;2;31;28;47m▀[38;2;31;28;47m[48;2;31;28;47m▀[38;2;31;28;47m[48;2;31;28;47m▀[38;2;31;28;47m[48;2;31;28;47m▀[38;2;31;28;47m[48;2;31;28;47m▀[38;2;31;28;47m[48;2;31;28;47m▀[38;2;31;28;47m[48;2;31;28;47m▀[38;2;31;28;47m[48;2;31;28;47m▀[38;2;31;28;47m[48;2;31;28;47m▀[38;2;31;28;47m[48;2;31;28;47m▀[38;2;31;28;47m[48;2;31;28;47m▀[38;2;31;28;47m[48;2;31;28;47m▀[38;2;31;28;47m[48;2;31;28;47m▀[38;2;31;28;47m[48;2;31;28;47m▀[0m
[38;2;31;28;47m[48;2;31;28;47m▀[38;2;31;28;47m[48;2;31;28;47m▀[38;2;31;28;47m[48;2;31;28;47m▀[38;2;31;28;47m[48;2;31;28;47m▀[38;2;31;28;47m[48;2;31;28;47m▀[38;2;31;28;47m[48;2;31;28;47m▀[38;2;31;28;47m[48;2;31;28;47m▀[38;2;31;28;47m[48;2;31;28;47m▀[38;2;31;28;47m[48;2;31;28;47m▀[38;2;31;28;47m[48;2;31;28;47m▀[38;2;31;28;47m[48;2;31;28;47m▀[38;2;31;28;47m[48;2;31;28;47m▀[38;2;31;28;47m[48;2;31;28;47m▀[38;2;31;28;47m[48;2;31;28;47m▀[38;2;31;28;47m[48;2;31;28;47m▀[38;2;31;28;47m[48;2;31;28;47m▀[38;2;31;28;47m[48;2;31;28;47m▀[38;2;31;28;47m[48;2;31;28;47m▀[38;2;31;28;47m[48;2;31;28;47m▀[38;2;31;28;47m[48;2;31;28;47m▀[38;2;31;28;47m[48;2;31;28;47m▀[38;2;31;28;47m[48;2;31;28;47m▀[38;2;31;28;47m[48;2;31;28;47m▀[38;2;31;28;47m[48;2;31;28;47m▀[38;2;31;28;47m[48;2;31;28;47m▀[38;2;31;28;47m[48;2;31;28;47m▀[38;2;31;28;47m[48;2;31;28;47m▀[38;2;31;28;47m[48;2;31;28;47m▀[38;2;31;28;47m[48;2;31;28;47m▀[38;2;31;28;47m[48;2;31;28;47m▀[38;2;31;28;47m[48;2;31;28;47m▀[38;2;31;28;47m[48;2;31;28;47m▀[38;2;31;28;47m[48;2;31;28;47m▀[38;2;31;28;47m[48;2;31;28;47m▀[38;2;31;28;47m[48;2;31;28;47m▀[38;2;31;28;47m[48;2;31;28;47m▀[38;2;31;28;47m[48;2;31;28;47m▀[38;2;31;28;47m[48;2;31;28;47m▀[38;2;31;28;47m[48;2;31;28;47m▀[38;2;31;28;47m[48;2;31;28;47m▀[38;2;31;28;47m[48;2;31;28;47m▀[38;2;31;28;47m[48;2;31;28;47m▀[38;2;31;28;47m[48;2;31;28;47m▀[38;2;31;28;47m[48;2;31;28;47m▀[0m
[38;2;31;28;47m[48;2;31;28;47m▀[38;2;31;28;47m[48;2;31;28;47m▀[38;2;31;28;47m[48;2;31;28;47m▀[38;2;31;28;47m[48;2;31;28;47m▀[38;2;31;28;47m[48;2;31;28;47m▀[38;2;31;28;47m[48;2;31;28;47m▀[38;2;31;28;47m[48;2;31;28;47m▀[38;2;31;28;47m[48;2;31;28;47m▀[38;2;31;28;47m[48;2;31;28;47m▀[38;2;31;28;47m[48;2;31;28;47m▀[38;2;31;28;47m[48;2;31;28;47m▀[38;2;31;28;47m[48;2;31;28;47m▀[38;2;31;28;47m[48;2;31;28;47m▀[38;2;31;28;47m[48;2;31;28;47m▀[38;2;31;28;47m[48;2;31;28;47m▀[38;2;31;28;47m[48;2;31;28;47m▀[38;2;31;28;47m[48;2;29;87;126m▀[38;2;31;28;47m[48;2;32;179;243m▀[38;2;31;28;47m[48;2;36;182;243m▀[38;2;31;28;47m[48;2;39;184;244m▀[38;2;31;28;47m[48;2;43;187;244m▀[38;2;31;28;47m[48;2;47;189;244m▀[38;2;31;28;47m[48;2;50;191;244m▀[38;2;31;28;47m[48;2;54;194;245m▀[38;2;31;28;47m[48;2;57;196;245m▀[38;2;31;28;47m[48;2;31;28;47m▀[38;2;31;28;47m[48;2;31;28;47m▀[38;2;31;28;47m[48;2;31;28;47m▀[38;2;31;28;47m[48;2;31;28;47m▀[38;2;31;28;47m[48;2;31;28;47m▀[38;2;31;28;47m[48;2;31;28;47m▀[38;2;31;28;47m[48;2;31;28;47m▀[38;2;31;28;47m[48;2;31;28;47m▀[38;2;31;28;47m[48;2;31;28;47m▀[38;2;31;28;47m[48;2;31;28;47m▀[38;2;31;28;47m[48;2;31;28;47m▀[38;2;31;28;47m[48;2;31;28;47m▀[38;2;31;28;47m[48;2;31;28;47m▀[38;2;31;28;47m[48;2;31;28;47m▀[38;2;31;28;47m[48;2;31;28;47m▀[38;2;31;28;47m[48;2;31;28;47m▀[38;2;31;28;47m[48;2;31;28;47m▀[38;2;31;28;47m[48;2;31;28;47m▀[38;2;31;28;47m[48;2;31;28;47m▀[0m
[38;2;31;28;47m[48;2;31;28;47m▀[38;2;31;28;47m[48;2;31;28;47m▀[38;2;31;28;47m[48;2;31;28;47m▀[38;2;31;28;47m[48;2;31;28;47m▀[38;2;31;28;47m[48;2;31;28;47m▀[38;2;31;28;47m[48;2;31;28;47m▀[38;2;31;28;47m[48;2;31;28;47m▀[38;2;31;28;47m[48;2;31;28;47m▀[38;2;31;28;47m[48;2;31;28;47m▀[38;2;31;28;47m[48;2;31;28;47m▀[38;2;31;28;47m[48;2;31;28;47m▀[38;2;31;28;47m[48;2;31;28;47m▀[38;2;31;28;47m[48;2;31;28;47m▀[38;2;31;28;47m[48;2;25;160;235m▀[38;2;15;168;242m[48;2;18;163;239m▀[38;2;19;170;242m[48;2;13;166;242m▀[38;2;22;173;243m[48;2;16;168;242m▀[38;2;26;175;243m[48;2;20;171;242m▀[38;2;30;177;243m[48;2;23;173;243m▀[38;2;33;180;243m[48;2;27;176;243m▀[38;2;37;183;244m[48;2;31;178;243m▀[38;2;40;185;244m[48;2;34;181;243m▀[38;2;44;187;244m[48;2;38;183;244m▀[38;2;48;190;244m[48;2;41;185;244m▀[38;2;51;192;244m[48;2;45;188;244m▀[38;2;55;195;245m[48;2;48;190;244m▀[38;2;58;197;245m[48;2;52;193;244m▀[38;2;31;28;47m[48;2;56;195;245m▀[38;2;31;28;47m[48;2;59;197;244m▀[38;2;31;28;47m[48;2;31;28;47m▀[38;2;31;28;47m[48;2;31;28;47m▀[38;2;31;28;47m[48;2;31;28;47m▀[38;2;31;28;47m[48;2;31;28;47m▀[38;2;31;28;47m[48;2;31;28;47m▀[38;2;31;28;47m[48;2;31;28;47m▀[38;2;31;28;47m[48;2;31;28;47m▀[38;2;31;28;47m[48;2;31;28;47m▀[38;2;31;28;47m[48;2;31;28;47m▀[38;2;31;28;47m[48;2;31;28;47m▀[38;2;31;28;47m[48;2;31;28;47m▀[38;2;31;28;47m[48;2;31;28;47m▀[38;2;31;28;47m[48;2;31;28;47m▀[38;2;31;28;47m[48;2;31;28;47m▀[38;2;31;28;47m[48;2;31;28;47m▀[0m
[38;2;31;28;47m[48;2;31;28;47m▀[38;2;31;28;47m[48;2;31;28;47m▀[38;2;31;28;47m[48;2;31;28;47m▀[38;2;31;28;47m[48;2;31;28;47m▀[38;2;31;28;47m[48;2;31;28;47m▀[38;2;31;28;47m[48;2;31;28;47m▀[38;2;31;28;47m[48;2;31;28;47m▀[38;2;31;28;47m[48;2;31;28;47m▀[38;2;31;28;47m[48;2;31;28;47m▀[38;2;31;28;47m[48;2;31;28;47m▀[38;2;31;28;47m[48;2;31;29;48m▀[38;2;36;68;106m[48;2;57;146;219m▀[38;2;41;153;227m[48;2;51;149;222m▀[38;2;35;156;230m[48;2;45;151;225m▀[38;2;28;159;234m[48;2;39;154;228m▀[38;2;23;161;237m[48;2;33;157;232m▀[38;2;16;164;240m[48;2;26;159;235m▀[38;2;14;167;242m[48;2;20;162;238m▀[38;2;17;169;242m[48;2;14;165;241m▀[38;2;21;171;243m[48;2;15;167;242m▀[38;2;25;174;243m[48;2;19;170;242m▀[38;2;28;177;243m[48;2;22;172;243m▀[38;2;32;179;243m[48;2;26;175;243m▀[38;2;35;181;243m[48;2;29;177;243m▀[38;2;39;184;244m[48;2;33;180;243m▀[38;2;42;186;244m[48;2;36;182;243m▀[38;2;46;189;244m[48;2;40;185;244m▀[38;2;50;191;244m[48;2;44;187;244m▀[38;2;53;194;245m[48;2;47;190;244m▀[38;2;57;196;245m[48;2;51;192;244m▀[38;2;31;28;47m[48;2;54;195;245m▀[38;2;31;28;47m[48;2;31;28;47m▀[38;2;31;28;47m[48;2;31;28;47m▀[38;2;31;28;47m[48;2;31;28;47m▀[38;2;31;28;47m[48;2;31;28;47m▀[38;2;31;28;47m[48;2;31;28;47m▀[38;2;31;28;47m[48;2;31;28;47m▀[38;2;31;28;47m[48;2;31;28;47m▀[38;2;31;28;47m[48;2;31;28;47m▀[38;2;31;28;47m[48;2;31;28;47m▀[38;2;31;28;47m[48;2;31;28;47m▀[38;2;31;28;47m[48;2;31;28;47m▀[38;2;31;28;47m[48;2;31;28;47m▀[38;2;31;28;47m[48;2;31;28;47m▀[0m
[38;2;31;28;47m[48;2;31;28;47m▀[38;2;31;28;47m[48;2;31;28;47m▀[38;2;31;28;47m[48;2;31;28;47m▀[38;2;31;28;47m[48;2;31;28;47m▀[38;2;31;28;47m[48;2;31;28;47m▀[38;2;31;28;47m[48;2;31;28;47m▀[38;2;31;28;47m[48;2;31;28;47m▀[38;2;31;28;47m[48;2;31;28;47m▀[38;2;31;28;47m[48;2;31;28;47m▀[38;2;31;28;47m[48;2;90;131;203m▀[38;2;74;139;211m[48;2;84;134;206m▀[38;2;68;141;214m[48;2;78;137;209m▀[38;2;62;144;217m[48;2;72;139;212m▀[38;2;56;147;220m[48;2;66;142;215m▀[38;2;49;149;223m[48;2;60;145;218m▀[38;2;44;152;226m[48;2;54;148;221m▀[38;2;37;155;229m[48;2;48;150;224m▀[38;2;31;158;232m[48;2;41;153;227m▀[38;2;25;160;235m[48;2;255;255;255m▀[38;2;19;163;238m[48;2;255;255;255m▀[38;2;171;224;250m[48;2;255;255;255m▀[38;2;16;168;242m[48;2;255;255;255m▀[38;2;19;170;242m[48;2;255;255;255m▀[38;2;23;173;243m[48;2;17;169;242m▀[38;2;27;175;243m[48;2;21;171;242m▀[38;2;30;178;243m[48;2;24;174;243m▀[38;2;34;180;243m[48;2;28;176;243m▀[38;2;37;183;244m[48;2;32;179;243m▀[38;2;41;185;244m[48;2;35;181;243m▀[38;2;44;188;244m[48;2;39;184;244m▀[38;2;48;190;244m[48;2;42;186;244m▀[38;2;50;183;232m[48;2;46;189;244m▀[38;2;31;28;47m[48;2;31;28;47m▀[38;2;31;28;47m[48;2;31;28;47m▀[38;2;31;28;47m[48;2;31;28;47m▀[38;2;31;28;47m[48;2;31;28;47m▀[38;2;31;28;47m[48;2;31;28;47m▀[38;2;31;28;47m[48;2;31;28;47m▀[38;2;31;28;47m[48;2;31;28;47m▀[38;2;31;28;47m[48;2;31;28;47m▀[38;2;31;28;47m[48;2;31;28;47m▀[38;2;31;28;47m[48;2;31;28;47m▀[38;2;31;28;47m[48;2;31;28;47m▀[38;2;31;28;47m[48;2;31;28;47m▀[0m
[38;2;31;28;47m[48;2;31;28;47m▀[38;2;31;28;47m[48;2;31;28;47m▀[38;2;31;28;47m[48;2;31;28;47m▀[38;2;31;28;47m[48;2;31;28;47m▀[38;2;31;28;47m[48;2;31;28;47m▀[38;2;31;28;47m[48;2;31;28;47m▀[38;2;31;28;47m[48;2;31;28;47m▀[38;2;31;28;47m[48;2;31;28;47m▀[38;2;32;29;49m[48;2;100;118;191m▀[38;2;96;126;198m[48;2;99;121;193m▀[38;2;95;129;200m[48;2;97;124;196m▀[38;2;89;132;203m[48;2;96;127;199m▀[38;2;83;135;206m[48;2;93;130;201m▀[38;2;77;137;209m[48;2;87;133;204m▀[38;2;71;140;213m[48;2;81;136;207m▀[38;2;65;143;216m[48;2;75;138;211m▀[38;2;59;145;219m[48;2;69;141;213m▀[38;2;255;255;255m[48;2;255;255;255m▀[38;2;255;255;255m[48;2;100;169;227m▀[38;2;40;154;228m[48;2;51;149;223m▀[38;2;34;156;231m[48;2;44;152;226m▀[38;2;28;159;234m[48;2;38;154;229m▀[38;2;255;255;255m[48;2;32;157;232m▀[38;2;255;255;255m[48;2;255;255;255m▀[38;2;14;167;242m[48;2;20;163;238m▀[38;2;18;169;242m[48;2;13;165;241m▀[38;2;21;172;243m[48;2;15;168;242m▀[38;2;25;174;243m[48;2;19;170;242m▀[38;2;28;177;243m[48;2;23;173;243m▀[38;2;32;179;243m[48;2;26;175;243m▀[38;2;36;182;243m[48;2;30;178;243m▀[38;2;39;184;244m[48;2;33;180;243m▀[38;2;43;187;244m[48;2;37;182;243m▀[38;2;31;28;47m[48;2;31;28;47m▀[38;2;31;28;47m[48;2;31;28;47m▀[38;2;31;28;47m[48;2;31;28;47m▀[38;2;31;28;47m[48;2;31;28;47m▀[38;2;31;28;47m[48;2;31;28;47m▀[38;2;31;28;47m[48;2;31;28;47m▀[38;2;31;28;47m[48;2;31;28;47m▀[38;2;31;28;47m[48;2;31;28;47m▀[38;2;31;28;47m[48;2;31;28;47m▀[38;2;31;28;47m[48;2;31;28;47m▀[38;2;31;28;47m[48;2;31;28;47m▀[0m
[38;2;31;28;47m[48;2;31;28;47m▀[38;2;31;28;47m[48;2;31;28;47m▀[38;2;31;28;47m[48;2;31;28;47m▀[38;2;31;28;47m[48;2;31;28;47m▀[38;2;31;28;47m[48;2;31;28;47m▀[38;2;31;28;47m[48;2;31;28;47m▀[38;2;31;28;47m[48;2;31;28;47m▀[38;2;31;28;47m[48;2;31;28;47m▀[38;2;103;113;186m[48;2;105;108;182m▀[38;2;101;116;189m[48;2;104;111;184m▀[38;2;100;119;191m[48;2;102;113;187m▀[38;2;99;122;194m[48;2;101;117;190m▀[38;2;97;125;197m[48;2;99;120;192m▀[38;2;96;128;199m[48;2;98;123;195m▀[38;2;92;131;202m[48;2;97;126;197m▀[38;2;86;134;205m[48;2;95;129;200m▀[38;2;80;136;208m[48;2;90;132;203m▀[38;2;255;255;255m[48;2;255;255;255m▀[38;2;67;141;214m[48;2;78;137;209m▀[38;2;62;144;217m[48;2;71;140;212m▀[38;2;55;147;220m[48;2;65;142;215m▀[38;2;49;150;223m[48;2;59;145;218m▀[38;2;43;152;226m[48;2;53;148;221m▀[38;2;255;255;255m[48;2;255;255;255m▀[38;2;31;158;233m[48;2;41;153;227m▀[38;2;24;160;236m[48;2;35;156;230m▀[38;2;18;163;238m[48;2;29;159;233m▀[38;2;13;166;242m[48;2;23;161;237m▀[38;2;16;168;242m[48;2;16;164;240m▀[38;2;20;171;242m[48;2;14;166;242m▀[38;2;24;173;243m[48;2;17;169;242m▀[38;2;27;175;243m[48;2;21;171;243m▀[38;2;31;178;243m[48;2;24;174;243m▀[38;2;33;135;184m[48;2;28;177;243m▀[38;2;31;28;47m[48;2;31;28;47m▀[38;2;31;28;47m[48;2;31;28;47m▀[38;2;31;28;47m[48;2;31;28;47m▀[38;2;31;28;47m[48;2;31;28;47m▀[38;2;31;28;47m[48;2;31;28;47m▀[38;2;31;28;47m[48;2;31;28;47m▀[38;2;31;28;47m[48;2;31;28;47m▀[38;2;31;28;47m[48;2;31;28;47m▀[38;2;31;28;47m[48;2;31;28;47m▀[38;2;31;28;47m[48;2;31;28;47m▀[0m
[38;2;31;28;47m[48;2;31;28;47m▀[38;2;31;28;47m[48;2;31;28;47m▀[38;2;31;28;47m[48;2;31;28;47m▀[38;2;31;28;47m[48;2;31;28;47m▀[38;2;31;28;47m[48;2;31;28;47m▀[38;2;31;28;47m[48;2;31;28;47m▀[38;2;31;28;47m[48;2;31;28;47m▀[38;2;98;89;156m[48;2;111;94;170m▀[38;2;107;102;177m[48;2;110;97;173m▀[38;2;106;105;180m[48;2;109;100;175m▀[38;2;105;109;183m[48;2;107;103;178m▀[38;2;103;112;185m[48;2;106;106;181m▀[38;2;102;115;188m[48;2;104;109;183m▀[38;2;100;118;190m[48;2;103;112;186m▀[38;2;99;121;193m[48;2;101;115;188m▀[38;2;255;255;255m[48;2;255;255;255m▀[38;2;255;255;255m[48;2;255;255;255m▀[38;2;255;255;255m[48;2;255;255;255m▀[38;2;255;255;255m[48;2;255;255;255m▀[38;2;255;255;255m[48;2;255;255;255m▀[38;2;255;255;255m[48;2;255;255;255m▀[38;2;255;255;255m[48;2;255;255;255m▀[38;2;255;255;255m[48;2;255;255;255m▀[38;2;255;255;255m[48;2;255;255;255m▀[38;2;255;255;255m[48;2;255;255;255m▀[38;2;255;255;255m[48;2;255;255;255m▀[38;2;39;154;228m[48;2;110;180;232m▀[38;2;33;157;232m[48;2;43;152;226m▀[38;2;27;160;235m[48;2;38;155;229m▀[38;2;20;162;238m[48;2;31;157;232m▀[38;2;14;165;241m[48;2;25;160;235m▀[38;2;15;167;242m[48;2;19;163;238m▀[38;2;19;170;242m[48;2;13;165;241m▀[38;2;22;172;243m[48;2;16;168;242m▀[38;2;31;28;47m[48;2;31;28;47m▀[38;2;31;28;47m[48;2;31;28;47m▀[38;2;31;28;47m[48;2;31;28;47m▀[38;2;31;28;47m[48;2;31;28;47m▀[38;2;31;28;47m[48;2;31;28;47m▀[38;2;31;28;47m[48;2;31;28;47m▀[38;2;31;28;47m[48;2;31;28;47m▀[38;2;31;28;47m[48;2;31;28;47m▀[38;2;31;28;47m[48;2;31;28;47m▀[38;2;31;28;47m[48;2;31;28;47m▀[0m
[38;2;31;28;47m[48;2;31;28;47m▀[38;2;31;28;47m[48;2;31;28;47m▀[38;2;31;28;47m[48;2;31;28;47m▀[38;2;31;28;47m[48;2;31;28;47m▀[38;2;31;28;47m[48;2;31;28;47m▀[38;2;31;28;47m[48;2;31;28;47m▀[38;2;31;28;47m[48;2;31;28;47m▀[38;2;114;89;166m[48;2;114;88;159m▀[38;2;112;92;168m[48;2;114;88;163m▀[38;2;111;95;171m[48;2;113;90;167m▀[38;2;110;98;174m[48;2;112;93;169m▀[38;2;108;101;176m[48;2;110;96;172m▀[38;2;107;104;179m[48;2;109;99;175m▀[38;2;105;107;182m[48;2;108;102;177m▀[38;2;104;110;184m[48;2;106;105;180m▀[38;2;255;255;255m[48;2;255;255;255m▀[38;2;255;255;255m[48;2;255;255;255m▀[38;2;255;255;255m[48;2;255;255;255m▀[38;2;255;255;255m[48;2;255;255;255m▀[38;2;255;255;255m[48;2;255;255;255m▀[38;2;255;255;255m[48;2;98;124;196m▀[38;2;255;255;255m[48;2;255;255;255m▀[38;2;255;255;255m[48;2;255;255;255m▀[38;2;255;255;255m[48;2;255;255;255m▀[38;2;255;255;255m[48;2;255;255;255m▀[38;2;255;255;255m[48;2;255;255;255m▀[38;2;118;177;229m[48;2;125;174;225m▀[38;2;54;148;221m[48;2;64;143;216m▀[38;2;48;150;224m[48;2;58;146;219m▀[38;2;41;153;227m[48;2;51;148;222m▀[38;2;35;156;230m[48;2;45;151;225m▀[38;2;29;158;233m[48;2;39;154;228m▀[38;2;23;161;236m[48;2;33;157;231m▀[38;2;17;164;239m[48;2;27;159;234m▀[38;2;31;28;47m[48;2;31;28;47m▀[38;2;31;28;47m[48;2;31;28;47m▀[38;2;31;28;47m[48;2;31;28;47m▀[38;2;31;28;47m[48;2;31;28;47m▀[38;2;31;28;47m[48;2;31;28;47m▀[38;2;31;28;47m[48;2;31;28;47m▀[38;2;31;28;47m[48;2;31;28;47m▀[38;2;31;28;47m[48;2;31;28;47m▀[38;2;31;28;47m[48;2;31;28;47m▀[38;2;31;28;47m[48;2;31;28;47m▀[0m
[38;2;31;28;47m[48;2;31;28;47m▀[38;2;31;28;47m[48;2;31;28;47m▀[38;2;31;28;47m[48;2;31;28;47m▀[38;2;31;28;47m[48;2;31;28;47m▀[38;2;31;28;47m[48;2;31;28;47m▀[38;2;31;28;47m[48;2;31;28;47m▀[38;2;31;28;47m[48;2;31;28;47m▀[38;2;85;65;116m[48;2;31;28;47m▀[38;2;114;87;157m[48;2;115;86;150m▀[38;2;114;88;160m[48;2;114;86;154m▀[38;2;114;89;164m[48;2;114;87;157m▀[38;2;113;91;167m[48;2;114;88;161m▀[38;2;112;93;170m[48;2;114;89;165m▀[38;2;110;96;172m[48;2;113;91;168m▀[38;2;109;100;175m[48;2;111;94;170m▀[38;2;255;255;255m[48;2;255;255;255m▀[38;2;255;255;255m[48;2;255;255;255m▀[38;2;255;255;255m[48;2;255;255;255m▀[38;2;255;255;255m[48;2;255;255;255m▀[38;2;102;115;188m[48;2;104;110;184m▀[38;2;100;118;191m[48;2;103;113;186m▀[38;2;99;121;193m[48;2;101;116;189m▀[38;2;255;255;255m[48;2;255;255;255m▀[38;2;255;255;255m[48;2;255;255;255m▀[38;2;255;255;255m[48;2;255;255;255m▀[38;2;255;255;255m[48;2;255;255;255m▀[38;2;132;171;221m[48;2;140;167;218m▀[38;2;75;138;210m[48;2;86;133;205m▀[38;2;69;141;214m[48;2;80;136;208m▀[38;2;63;144;216m[48;2;74;139;211m▀[38;2;56;146;220m[48;2;67;142;214m▀[38;2;51;149;223m[48;2;61;144;217m▀[38;2;45;152;226m[48;2;56;147;220m▀[38;2;38;155;229m[48;2;49;150;223m▀[38;2;31;28;47m[48;2;31;28;47m▀[38;2;31;28;47m[48;2;31;28;47m▀[38;2;31;28;47m[48;2;31;28;47m▀[38;2;31;28;47m[48;2;31;28;47m▀[38;2;31;28;47m[48;2;31;28;47m▀[38;2;31;28;47m[48;2;31;28;47m▀[38;2;31;28;47m[48;2;31;28;47m▀[38;2;31;28;47m[48;2;31;28;47m▀[38;2;31;28;47m[48;2;31;28;47m▀[38;2;31;28;47m[48;2;31;28;47m▀[0m
[38;2;31;28;47m[48;2;31;28;47m▀[38;2;31;28;47m[48;2;31;28;47m▀[38;2;31;28;47m[48;2;31;28;47m▀[38;2;31;28;47m[48;2;31;28;47m▀[38;2;31;28;47m[48;2;31;28;47m▀[38;2;31;28;47m[48;2;31;28;47m▀[38;2;31;28;47m[48;2;31;28;47m▀[38;2;31;28;47m[48;2;31;28;47m▀[38;2;115;84;144m[48;2;115;83;138m▀[38;2;115;85;148m[48;2;115;84;141m▀[38;2;115;86;151m[48;2;115;84;145m▀[38;2;114;87;155m[48;2;115;85;149m▀[38;2;114;87;159m[48;2;115;86;152m▀[38;2;114;88;162m[48;2;114;87;156m▀[38;2;114;89;166m[48;2;114;88;160m▀[38;2;255;255;255m[48;2;255;255;255m▀[38;2;255;255;255m[48;2;255;255;255m▀[38;2;255;255;255m[48;2;255;255;255m▀[38;2;255;255;255m[48;2;255;255;255m▀[38;2;255;255;255m[48;2;255;255;255m▀[38;2;255;255;255m[48;2;255;255;255m▀[38;2;255;255;255m[48;2;255;255;255m▀[38;2;255;255;255m[48;2;255;255;255m▀[38;2;255;255;255m[48;2;255;255;255m▀[38;2;255;255;255m[48;2;255;255;255m▀[38;2;255;255;255m[48;2;255;255;255m▀[38;2;143;164;214m[48;2;144;160;210m▀[38;2;95;129;200m[48;2;98;124;196m▀[38;2;90;132;203m[48;2;96;127;198m▀[38;2;84;134;206m[48;2;94;130;201m▀[38;2;78;137;209m[48;2;87;133;204m▀[38;2;71;140;212m[48;2;82;135;207m▀[38;2;65;142;215m[48;2;76;138;210m▀[38;2;35;47;74m[48;2;31;28;47m▀[38;2;31;28;47m[48;2;31;28;47m▀[38;2;31;28;47m[48;2;31;28;47m▀[38;2;31;28;47m[48;2;31;28;47m▀[38;2;31;28;47m[48;2;31;28;47m▀[38;2;31;28;47m[48;2;31;28;47m▀[38;2;31;28;47m[48;2;31;28;47m▀[38;2;31;28;47m[48;2;31;28;47m▀[38;2;31;28;47m[48;2;31;28;47m▀[38;2;31;28;47m[48;2;31;28;47m▀[38;2;31;28;47m[48;2;31;28;47m▀[0m
[38;2;31;28;47m[48;2;31;28;47m▀[38;2;31;28;47m[48;2;31;28;47m▀[38;2;31;28;47m[48;2;31;28;47m▀[38;2;31;28;47m[48;2;31;28;47m▀[38;2;31;28;47m[48;2;31;28;47m▀[38;2;31;28;47m[48;2;31;28;47m▀[38;2;31;28;47m[48;2;31;28;47m▀[38;2;31;28;47m[48;2;31;28;47m▀[38;2;31;28;47m[48;2;31;28;47m▀[38;2;115;82;135m[48;2;115;81;128m▀[38;2;115;83;138m[48;2;115;82;132m▀[38;2;115;84;142m[48;2;115;82;136m▀[38;2;115;85;146m[48;2;115;83;140m▀[38;2;115;85;149m[48;2;115;84;143m▀[38;2;114;86;153m[48;2;115;85;147m▀[38;2;255;255;255m[48;2;255;255;255m▀[38;2;255;255;255m[48;2;255;255;255m▀[38;2;255;255;255m[48;2;255;255;255m▀[38;2;255;255;255m[48;2;255;255;255m▀[38;2;255;255;255m[48;2;255;255;255m▀[38;2;255;255;255m[48;2;255;255;255m▀[38;2;255;255;255m[48;2;255;255;255m▀[38;2;255;255;255m[48;2;255;255;255m▀[38;2;255;255;255m[48;2;255;255;255m▀[38;2;255;255;255m[48;2;255;255;255m▀[38;2;255;255;255m[48;2;255;255;255m▀[38;2;145;156;207m[48;2;104;110;184m▀[38;2;100;118;191m[48;2;102;113;187m▀[38;2;99;121;194m[48;2;101;116;189m▀[38;2;97;124;196m[48;2;100;119;192m▀[38;2;96;128;199m[48;2;98;123;195m▀[38;2;92;130;201m[48;2;97;126;197m▀[38;2;87;133;205m[48;2;31;28;47m▀[38;2;31;28;47m[48;2;31;28;47m▀[38;2;31;28;47m[48;2;31;28;47m▀[38;2;31;28;47m[48;2;31;28;47m▀[38;2;31;28;47m[48;2;31;28;47m▀[38;2;31;28;47m[48;2;31;28;47m▀[38;2;31;28;47m[48;2;31;28;47m▀[38;2;31;28;47m[48;2;31;28;47m▀[38;2;31;28;47m[48;2;31;28;47m▀[38;2;31;28;47m[48;2;31;28;47m▀[38;2;31;28;47m[48;2;31;28;47m▀[38;2;31;28;47m[48;2;31;28;47m▀[0m
[38;2;31;28;47m[48;2;31;28;47m▀[38;2;31;28;47m[48;2;31;28;47m▀[38;2;31;28;47m[48;2;31;28;47m▀[38;2;31;28;47m[48;2;31;28;47m▀[38;2;31;28;47m[48;2;31;28;47m▀[38;2;31;28;47m[48;2;31;28;47m▀[38;2;31;28;47m[48;2;31;28;47m▀[38;2;31;28;47m[48;2;31;28;47m▀[38;2;31;28;47m[48;2;31;28;47m▀[38;2;31;28;47m[48;2;31;28;47m▀[38;2;116;80;126m[48;2;31;28;47m▀[38;2;115;81;130m[48;2;116;80;123m▀[38;2;115;82;133m[48;2;116;80;127m▀[38;2;115;83;137m[48;2;115;81;130m▀[38;2;115;83;141m[48;2;115;82;134m▀[38;2;115;84;145m[48;2;115;83;138m▀[38;2;115;85;148m[48;2;115;84;142m▀[38;2;115;86;152m[48;2;115;85;146m▀[38;2;114;87;156m[48;2;115;85;149m▀[38;2;114;88;160m[48;2;114;86;153m▀[38;2;114;88;164m[48;2;114;87;157m▀[38;2;113;90;167m[48;2;114;88;161m▀[38;2;112;93;169m[48;2;114;89;164m▀[38;2;111;96;172m[48;2;113;91;167m▀[38;2;109;99;175m[48;2;112;94;170m▀[38;2;108;102;177m[48;2;110;97;173m▀[38;2;106;105;180m[48;2;109;100;175m▀[38;2;105;108;182m[48;2;107;103;178m▀[38;2;103;111;185m[48;2;106;106;180m▀[38;2;102;114;188m[48;2;104;109;183m▀[38;2;100;117;190m[48;2;102;112;185m▀[38;2;45;47;78m[48;2;31;28;47m▀[38;2;31;28;47m[48;2;31;28;47m▀[38;2;31;28;47m[48;2;31;28;47m▀[38;2;31;28;47m[48;2;31;28;47m▀[38;2;31;28;47m[48;2;31;28;47m▀[38;2;31;28;47m[48;2;31;28;47m▀[38;2;31;28;47m[48;2;31;28;47m▀[38;2;31;28;47m[48;2;31;28;47m▀[38;2;31;28;47m[48;2;31;28;47m▀[38;2;31;28;47m[48;2;31;28;47m▀[38;2;31;28;47m[48;2;31;28;47m▀[38;2;31;28;47m[48;2;31;28;47m▀[38;2;31;28;47m[48;2;31;28;47m▀[0m
[38;2;31;28;47m[48;2;31;28;47m▀[38;2;31;28;47m[48;2;31;28;47m▀[38;2;31;28;47m[48;2;31;28;47m▀[38;2;31;28;47m[48;2;31;28;47m▀[38;2;31;28;47m[48;2;31;28;47m▀[38;2;31;28;47m[48;2;31;28;47m▀[38;2;31;28;47m[48;2;31;28;47m▀[38;2;31;28;47m[48;2;31;28;47m▀[38;2;31;28;47m[48;2;31;28;47m▀[38;2;31;28;47m[48;2;31;28;47m▀[38;2;31;28;47m[48;2;31;28;47m▀[38;2;31;28;47m[48;2;31;28;47m▀[38;2;116;79;120m[48;2;31;28;47m▀[38;2;116;80;124m[48;2;116;78;118m▀[38;2;115;81;128m[48;2;116;79;122m▀[38;2;115;81;131m[48;2;116;80;125m▀[38;2;115;82;135m[48;2;115;81;129m▀[38;2;115;83;139m[48;2;115;82;133m▀[38;2;115;84;142m[48;2;115;82;136m▀[38;2;115;85;146m[48;2;115;83;140m▀[38;2;115;86;150m[48;2;115;84;144m▀[38;2;114;86;154m[48;2;115;85;148m▀[38;2;114;87;157m[48;2;115;86;151m▀[38;2;114;88;161m[48;2;114;87;155m▀[38;2;114;89;165m[48;2;114;87;159m▀[38;2;113;91;168m[48;2;114;88;162m▀[38;2;111;94;170m[48;2;114;89;166m▀[38;2;110;97;173m[48;2;112;92;169m▀[38;2;109;100;176m[48;2;32;29;49m▀[38;2;106;102;176m[48;2;31;28;47m▀[38;2;31;28;47m[48;2;31;28;47m▀[38;2;31;28;47m[48;2;31;28;47m▀[38;2;31;28;47m[48;2;31;28;47m▀[38;2;31;28;47m[48;2;31;28;47m▀[38;2;31;28;47m[48;2;31;28;47m▀[38;2;31;28;47m[48;2;31;28;47m▀[38;2;31;28;47m[48;2;31;28;47m▀[38;2;31;28;47m[48;2;31;28;47m▀[38;2;31;28;47m[48;2;31;28;47m▀[38;2;31;28;47m[48;2;31;28;47m▀[38;2;31;28;47m[48;2;31;28;47m▀[38;2;31;28;47m[48;2;31;28;47m▀[38;2;31;28;47m[48;2;31;28;47m▀[38;2;31;28;47m[48;2;31;28;47m▀[0m
[38;2;31;28;47m[48;2;31;28;47m▀[38;2;31;28;47m[48;2;31;28;47m▀[38;2;31;28;47m[48;2;31;28;47m▀[38;2;31;28;47m[48;2;31;28;47m▀[38;2;31;28;47m[48;2;31;28;47m▀[38;2;31;28;47m[48;2;31;28;47m▀[38;2;31;28;47m[48;2;31;28;47m▀[38;2;31;28;47m[48;2;31;28;47m▀[38;2;31;28;47m[48;2;31;28;47m▀[38;2;31;28;47m[48;2;31;28;47m▀[38;2;31;28;47m[48;2;31;28;47m▀[38;2;31;28;47m[48;2;31;28;47m▀[38;2;31;28;47m[48;2;31;28;47m▀[38;2;31;28;47m[48;2;31;28;47m▀[38;2;32;28;48m[48;2;31;28;47m▀[38;2;116;79;119m[48;2;31;28;47m▀[38;2;116;79;123m[48;2;31;28;47m▀[38;2;116;80;126m[48;2;111;75;116m▀[38;2;115;81;130m[48;2;116;80;123m▀[38;2;115;82;134m[48;2;116;80;127m▀[38;2;115;83;138m[48;2;115;81;131m▀[38;2;115;84;141m[48;2;115;82;135m▀[38;2;115;84;145m[48;2;115;83;138m▀[38;2;115;85;149m[48;2;115;84;142m▀[38;2;115;86;153m[48;2;31;28;47m▀[38;2;114;87;156m[48;2;31;28;47m▀[38;2;114;88;160m[48;2;31;28;47m▀[38;2;31;28;47m[48;2;31;28;47m▀[38;2;31;28;47m[48;2;31;28;47m▀[38;2;31;28;47m[48;2;31;28;47m▀[38;2;31;28;47m[48;2;31;28;47m▀[38;2;31;28;47m[48;2;31;28;47m▀[38;2;31;28;47m[48;2;31;28;47m▀[38;2;31;28;47m[48;2;31;28;47m▀[38;2;31;28;47m[48;2;31;28;47m▀[38;2;31;28;47m[48;2;31;28;47m▀[38;2;31;28;47m[48;2;31;28;47m▀[38;2;31;28;47m[48;2;31;28;47m▀[38;2;31;28;47m[48;2;31;28;47m▀[38;2;31;28;47m[48;2;31;28;47m▀[38;2;31;28;47m[48;2;31;28;47m▀[38;2;31;28;47m[48;2;31;28;47m▀[38;2;31;28;47m[48;2;31;28;47m▀[38;2;31;28;47m[48;2;31;28;47m▀[0m
[38;2;31;28;47m[48;2;31;28;47m▀[38;2;31;28;47m[48;2;31;28;47m▀[38;2;31;28;47m[48;2;31;28;47m▀[38;2;31;28;47m[48;2;31;28;47m▀[38;2;31;28;47m[48;2;31;28;47m▀[38;2;31;28;47m[48;2;31;28;47m▀[38;2;31;28;47m[48;2;31;28;47m▀[38;2;31;28;47m[48;2;31;28;47m▀[38;2;31;28;47m[48;2;31;28;47m▀[38;2;31;28;47m[48;2;31;28;47m▀[38;2;31;28;47m[48;2;31;28;47m▀[38;2;31;28;47m[48;2;31;28;47m▀[38;2;31;28;47m[48;2;31;28;47m▀[38;2;31;28;47m[48;2;31;28;47m▀[38;2;31;28;47m[48;2;31;28;47m▀[38;2;31;28;47m[48;2;31;28;47m▀[38;2;31;28;47m[48;2;31;28;47m▀[38;2;31;28;47m[48;2;31;28;47m▀[38;2;31;28;47m[48;2;31;28;47m▀[38;2;31;28;47m[48;2;31;28;47m▀[38;2;31;28;47m[48;2;31;28;47m▀[38;2;31;28;47m[48;2;31;28;47m▀[38;2;31;28;47m[48;2;31;28;47m▀[38;2;31;28;47m[48;2;31;28;47m▀[38;2;31;28;47m[48;2;31;28;47m▀[38;2;31;28;47m[48;2;31;28;47m▀[38;2;31;28;47m[48;2;31;28;47m▀[38;2;31;28;47m[48;2;31;28;47m▀[38;2;31;28;47m[48;2;31;28;47m▀[38;2;31;28;47m[48;2;31;28;47m▀[38;2;31;28;47m[48;2;31;28;47m▀[38;2;31;28;47m[48;2;31;28;47m▀[38;2;31;28;47m[48;2;31;28;47m▀[38;2;31;28;47m[48;2;31;28;47m▀[38;2;31;28;47m[48;2;31;28;47m▀[38;2;31;28;47m[48;2;31;28;47m▀[38;2;31;28;47m[48;2;31;28;47m▀[38;2;31;28;47m[48;2;31;28;47m▀[38;2;31;28;47m[48;2;31;28;47m▀[38;2;31;28;47m[48;2;31;28;47m▀[38;2;31;28;47m[48;2;31;28;47m▀[38;2;31;28;47m[48;2;31;28;47m▀[38;2;31;28;47m[48;2;31;28;47m▀[38;2;31;28;47m[48;2;31;28;47m▀[0m
[38;2;31;28;47m[48;2;31;28;47m▀[38;2;31;28;47m[48;2;31;28;47m▀[38;2;31;28;47m[48;2;31;28;47m▀[38;2;31;28;47m[48;2;31;28;47m▀[38;2;31;28;47m[48;2;31;28;47m▀[38;2;31;28;47m[48;2;31;28;47m▀[38;2;31;28;47m[48;2;31;28;47m▀[38;2;31;28;47m[48;2;31;28;47m▀[38;2;31;28;47m[48;2;31;28;47m▀[38;2;31;28;47m[48;2;31;28;47m▀[38;2;31;28;47m[48;2;31;28;47m▀[38;2;31;28;47m[48;2;31;28;47m▀[38;2;31;28;47m[48;2;31;28;47m▀[38;2;31;28;47m[48;2;31;28;47m▀[38;2;31;28;47m[48;2;31;28;47m▀[38;2;31;28;47m[48;2;31;28;47m▀[38;2;31;28;47m[48;2;31;28;47m▀[38;2;31;28;47m[48;2;31;28;47m▀[38;2;31;28;47m[48;2;31;28;47m▀[38;2;31;28;47m[48;2;31;28;47m▀[38;2;31;28;47m[48;2;31;28;47m▀[38;2;31;28;47m[48;2;31;28;47m▀[38;2;31;28;47m[48;2;31;28;47m▀[38;2;31;28;47m[48;2;31;28;47m▀[38;2;31;28;47m[48;2;31;28;47m▀[38;2;31;28;47m[48;2;31;28;47m▀[38;2;31;28;47m[48;2;31;28;47m▀[38;2;31;28;47m[48;2;31;28;47m▀[38;2;31;28;47m[48;2;31;28;47m▀[38;2;31;28;47m[48;2;31;28;47m▀[38;2;31;28;47m[48;2;31;28;47m▀[38;2;31;28;47m[48;2;31;28;47m▀[38;2;31;28;47m[48;2;31;28;47m▀[38;2;31;28;47m[48;2;31;28;47m▀[38;2;31;28;47m[48;2;31;28;47m▀[38;2;31;28;47m[48;2;31;28;47m▀[38;2;31;28;47m[48;2;31;28;47m▀[38;2;31;28;47m[48;2;31;28;47m▀[38;2;31;28;47m[48;2;31;28;47m▀[38;2;31;28;47m[48;2;31;28;47m▀[38;2;31;28;47m[48;2;31;28;47m▀[38;2;31;28;47m[48;2;31;28;47m▀[38;2;31;28;47m[48;2;31;28;47m▀[38;2;31;28;47m[48;2;31;28;47m▀[0m
[38;2;31;28;47m[48;2;31;28;47m▀[38;2;31;28;47m[48;2;31;28;47m▀[38;2;31;28;47m[48;2;31;28;47m▀[38;2;31;28;47m[48;2;31;28;47m▀[38;2;31;28;47m[48;2;31;28;47m▀[38;2;31;28;47m[48;2;31;28;47m▀[38;2;31;28;47m[48;2;31;28;47m▀[38;2;31;28;47m[48;2;31;28;47m▀[38;2;31;28;47m[48;2;31;28;47m▀[38;2;31;28;47m[48;2;31;28;47m▀[38;2;31;28;47m[48;2;31;28;47m▀[38;2;31;28;47m[48;2;31;28;47m▀[38;2;31;28;47m[48;2;31;28;47m▀[38;2;31;28;47m[48;2;31;28;47m▀[38;2;31;28;47m[48;2;31;28;47m▀[38;2;31;28;47m[48;2;31;28;47m▀[38;2;31;28;47m[48;2;31;28;47m▀[38;2;31;28;47m[48;2;31;28;47m▀[38;2;31;28;47m[48;2;31;28;47m▀[38;2;31;28;47m[48;2;31;28;47m▀[38;2;31;28;47m[48;2;31;28;47m▀[38;2;31;28;47m[48;2;31;28;47m▀[38;2;31;28;47m[48;2;31;28;47m▀[38;2;31;28;47m[48;2;31;28;47m▀[38;2;31;28;47m[48;2;31;28;47m▀[38;2;31;28;47m[48;2;31;28;47m▀[38;2;31;28;47m[48;2;31;28;47m▀[38;2;31;28;47m[48;2;31;28;47m▀[38;2;31;28;47m[48;2;31;28;47m▀[38;2;31;28;47m[48;2;31;28;47m▀[38;2;31;28;47m[48;2;31;28;47m▀[38;2;31;28;47m[48;2;31;28;47m▀[38;2;31;28;47m[48;2;31;28;47m▀[38;2;31;28;47m[48;2;31;28;47m▀[38;2;31;28;47m[48;2;31;28;47m▀[38;2;31;28;47m[48;2;31;28;47m▀[38;2;31;28;47m[48;2;31;28;47m▀[38;2;31;28;47m[48;2;31;28;47m▀[38;2;31;28;47m[48;2;31;28;47m▀[38;2;31;28;47m[48;2;31;28;47m▀[38;2;31;28;47m[48;2;31;28;47m▀[38;2;31;28;47m[48;2;31;28;47m▀[38;2;31;28;47m[48;2;31;28;47m▀[38;2;31;28;47m[48;2;31;28;47m▀[0m
[38;2;31;28;47m[48;2;31;28;47m▀[38;2;31;28;47m[48;2;31;28;47m▀[38;2;31;28;47m[48;2;31;28;47m▀[38;2;31;28;47m[48;2;31;28;47m▀[38;2;31;28;47m[48;2;31;28;47m▀[38;2;31;28;47m[48;2;31;28;47m▀[38;2;31;28;47m[48;2;31;28;47m▀[38;2;31;28;47m[48;2;31;28;47m▀[38;2;31;28;47m[48;2;31;28;47m▀[38;2;31;28;47m[48;2;31;28;47m▀[38;2;31;28;47m[48;2;31;28;47m▀[38;2;31;28;47m[48;2;31;28;47m▀[38;2;31;28;47m[48;2;31;28;47m▀[38;2;31;28;47m[48;2;31;28;47m▀[38;2;31;28;47m[48;2;31;28;47m▀[38;2;31;28;47m[48;2;31;28;47m▀[38;2;31;28;47m[48;2;31;28;47m▀[38;2;31;28;47m[48;2;31;28;47m▀[38;2;31;28;47m[48;2;31;28;47m▀[38;2;31;28;47m[48;2;31;28;47m▀[38;2;31;28;47m[48;2;31;28;47m▀[38;2;31;28;47m[48;2;31;28;47m▀[38;2;31;28;47m[48;2;31;28;47m▀[38;2;31;28;47m[48;2;31;28;47m▀[38;2;31;28;47m[48;2;31;28;47m▀[38;2;31;28;47m[48;2;31;28;47m▀[38;2;31;28;47m[48;2;31;28;47m▀[38;2;31;28;47m[48;2;31;28;47m▀[38;2;31;28;47m[48;2;31;28;47m▀[38;2;31;28;47m[48;2;31;28;47m▀[38;2;31;28;47m[48;2;31;28;47m▀[38;2;31;28;47m[48;2;31;28;47m▀[38;2;31;28;47m[48;2;31;28;47m▀[38;2;31;28;47m[48;2;31;28;47m▀[38;2;31;28;47m[48;2;31;28;47m▀[38;2;31;28;47m[48;2;31;28;47m▀[38;2;31;28;47m[48;2;31;28;47m▀[38;2;31;28;47m[48;2;31;28;47m▀[38;2;31;28;47m[48;2;31;28;47m▀[38;2;31;28;47m[48;2;31;28;47m▀[38;2;31;28;47m[48;2;31;28;47m▀[38;2;31;28;47m[48;2;31;28;47m▀[38;2;31;28;47m[48;2;31;28;47m▀[38;2;31;28;47m[48;2;31;28;47m▀[0m
