[0m [0m [38;2;22;22;22m[49m▄[38;2;36;31;37m[49m▄[0m [0m [0m [0m [0m [0m [0m [0m [0m [0m [0m [38;2;47;61;70m[48;2;30;37;45m▀[38;2;102;138;190m[49m▄[0m [0m [0m [38;2;51;61;82m[49m▄[38;2;44;59;82m[49m▄[38;2;48;60;84m[48;2;80;97;143m▀[38;2;52;72;107m[48;2;68;90;137m▀[38;2;54;76;115m[48;2;62;87;127m▀[38;2;56;78;115m[48;2;59;83;129m▀[38;2;56;82;119m[49m▄[38;2;60;84;120m[49m▄[0m [0m [0m [0m [0m
[0m [0m [0m [38;2;38;37;45m[49m▀[38;2;39;33;37m[48;2;22;20;21m▀[38;2;70;85;124m[49m▄[0m [0m [0m [0m [0m [0m [0m [0m [0m [0m [38;2;36;45;62m[48;2;39;43;54m▀[0m [38;2;36;43;59m[49m▄[38;2;38;47;64m[48;2;47;59;81m▀[38;2;52;68;91m[48;2;68;103;161m▀[38;2;73;106;159m[48;2;64;85;130m▀[38;2;69;101;150m[48;2;81;104;146m▀[38;2;54;75;106m[48;2;46;61;90m▀[38;2;43;60;86m[48;2;39;51;73m▀[38;2;37;55;79m[48;2;40;48;69m▀[38;2;51;68;94m[48;2;35;44;61m▀[38;2;50;71;102m[48;2;42;53;73m▀[38;2;42;58;81m[49m▄[0m [0m [0m [0m
[0m [0m [0m [0m [38;2;39;38;43m[49m▀[38;2;27;27;27m[48;2;24;24;24m▀[38;2;55;73;95m[49m▄[0m [0m [0m [0m [0m [0m [0m [0m [38;2;43;47;58m[49m▄[38;2;37;43;55m[48;2;27;31;42m▀[38;2;32;40;51m[48;2;36;40;49m▀[38;2;43;52;69m[48;2;119;148;192m▀[38;2;187;238;255m[48;2;68;95;142m▀[38;2;66;86;123m[48;2;48;64;90m▀[38;2;55;71;104m[48;2;40;49;66m▀[38;2;43;55;77m[48;2;38;47;64m▀[38;2;33;45;67m[48;2;33;42;59m▀[38;2;39;47;68m[48;2;26;35;52m▀[38;2;31;40;57m[48;2;33;46;65m▀[38;2;41;50;67m[48;2;36;48;70m▀[38;2;39;56;76m[48;2;40;56;89m▀[38;2;43;67;95m[48;2;43;63;96m▀[0m [0m [0m [0m
[0m [0m [0m [0m [0m [38;2;26;25;31m[48;2;31;32;37m▀[38;2;36;36;46m[48;2;27;26;32m▀[38;2;43;57;68m[49m▄[0m [0m [0m [0m [0m [0m [0m [38;2;24;23;29m[48;2;29;30;35m▀[38;2;23;27;38m[48;2;29;34;38m▀[38;2;29;33;42m[48;2;33;37;49m▀[38;2;51;59;80m[48;2;45;51;67m▀[38;2;47;55;74m[48;2;31;39;52m▀[38;2;45;53;74m[48;2;28;35;51m▀[38;2;29;36;52m[48;2;28;34;50m▀[38;2;33;41;60m[48;2;34;44;56m▀[38;2;33;42;59m[48;2;35;48;67m▀[38;2;31;39;60m[48;2;38;55;81m▀[38;2;36;53;73m[48;2;73;97;141m▀[38;2;56;81;121m[48;2;63;108;193m▀[38;2;47;73;110m[49m▀[38;2;52;77;118m[49m▀[0m [0m [0m [0m
[0m [0m [0m [0m [0m [0m [38;2;25;24;30m[48;2;23;24;29m▀[38;2;27;36;43m[48;2;31;31;41m▀[38;2;29;28;33m[49m▄[38;2;36;35;41m[48;2;32;33;38m▀[38;2;29;28;33m[48;2;20;21;25m▀[38;2;30;29;34m[48;2;34;35;40m▀[38;2;49;56;72m[48;2;23;24;29m▀[38;2;29;46;56m[48;2;46;45;51m▀[38;2;31;32;37m[48;2;31;32;37m▀[38;2;28;29;34m[48;2;26;27;32m▀[38;2;33;34;39m[48;2;36;37;42m▀[38;2;37;41;52m[48;2;32;32;44m▀[38;2;33;37;46m[48;2;29;33;44m▀[38;2;29;35;47m[48;2;31;35;47m▀[38;2;26;33;49m[48;2;28;34;50m▀[38;2;24;33;50m[48;2;33;46;65m▀[38;2;33;45;67m[48;2;39;54;75m▀[38;2;30;54;80m[48;2;31;41;50m▀[38;2;27;45;69m[48;2;37;44;63m▀[38;2;75;102;171m[49m▀[0m [0m [0m [0m [0m [0m [0m
[0m [38;2;23;25;20m[49m▄[38;2;55;83;120m[49m▄[0m [0m [0m [38;2;25;25;27m[49m▀[38;2;25;24;30m[48;2;23;22;28m▀[38;2;23;24;29m[48;2;24;23;29m▀[38;2;24;25;30m[48;2;22;23;28m▀[38;2;23;24;29m[48;2;32;33;38m▀[38;2;28;29;34m[48;2;31;32;36m▀[38;2;31;32;37m[48;2;23;24;29m▀[38;2;79;79;81m[48;2;29;32;39m▀[38;2;25;26;31m[48;2;24;25;30m▀[38;2;29;30;34m[48;2;29;28;34m▀[38;2;29;30;35m[48;2;32;33;38m▀[38;2;28;28;36m[48;2;28;28;38m▀[38;2;28;32;44m[48;2;29;33;45m▀[38;2;27;33;45m[48;2;33;42;59m▀[38;2;31;44;63m[48;2;36;52;77m▀[38;2;40;56;79m[48;2;26;49;81m▀[38;2;46;67;94m[48;2;129;181;241m▀[38;2;44;94;167m[48;2;71;84;118m▀[38;2;61;125;233m[49m▀[0m [0m [0m [0m [0m [0m [0m [0m
[0m [0m [38;2;25;25;25m[49m▀[38;2;28;23;27m[48;2;21;20;25m▀[38;2;28;28;30m[49m▄[38;2;44;60;83m[49m▄[0m [38;2;20;19;24m[49m▀[38;2;21;20;25m[48;2;28;29;33m▀[38;2;63;62;68m[48;2;25;24;30m▀[38;2;40;39;44m[48;2;37;36;42m▀[38;2;28;29;33m[48;2;29;30;35m▀[38;2;42;45;54m[48;2;96;91;97m▀[38;2;28;29;34m[48;2;29;33;36m▀[38;2;30;31;35m[48;2;33;34;39m▀[38;2;52;51;56m[48;2;26;25;31m▀[38;2;33;34;38m[48;2;28;32;43m▀[38;2;30;34;45m[48;2;31;43;65m▀[38;2;27;34;52m[48;2;34;54;81m▀[38;2;32;48;74m[48;2;38;61;95m▀[38;2;30;51;82m[48;2;23;57;94m▀[38;2;42;69;98m[48;2;99;131;182m▀[38;2;45;91;169m[48;2;49;80;144m▀[38;2;166;255;255m[48;2;34;43;60m▀[0m [0m [0m [0m [0m [0m [0m [0m [0m
[0m [0m [0m [0m [38;2;29;29;37m[49m▀[38;2;22;21;27m[48;2;23;24;29m▀[38;2;26;27;32m[48;2;20;21;25m▀[38;2;28;37;46m[48;2;22;23;28m▀[38;2;23;24;29m[48;2;30;31;35m▀[38;2;29;28;33m[48;2;31;32;37m▀[38;2;31;30;36m[48;2;33;34;38m▀[38;2;30;29;35m[48;2;22;21;27m▀[38;2;44;45;49m[48;2;44;43;48m▀[38;2;30;33;38m[48;2;32;31;36m▀[38;2;49;47;52m[48;2;95;89;91m▀[38;2;28;27;33m[48;2;28;29;34m▀[38;2;29;37;60m[48;2;26;36;46m▀[38;2;32;64;103m[48;2;43;57;83m▀[38;2;52;95;148m[48;2;37;58;89m▀[38;2;33;55;94m[48;2;70;81;103m▀[38;2;52;84;143m[48;2;47;70;114m▀[38;2;36;76;111m[48;2;32;41;58m▀[38;2;24;35;55m[48;2;28;34;50m▀[38;2;35;47;59m[48;2;33;47;73m▀[38;2;36;73;109m[49m▀[0m [0m [0m [0m [0m [0m [0m [0m
[0m [0m [0m [0m [0m [0m [0m [38;2;25;26;31m[49m▀[38;2;45;46;50m[48;2;32;33;37m▀[38;2;28;27;33m[48;2;27;26;32m▀[38;2;29;28;33m[48;2;28;27;33m▀[38;2;19;20;25m[48;2;20;21;26m▀[38;2;27;28;33m[48;2;66;65;81m▀[38;2;29;29;31m[48;2;30;33;42m▀[38;2;42;35;42m[48;2;51;59;78m▀[38;2;40;55;74m[48;2;68;97;157m▀[38;2;93;133;194m[48;2;95;133;182m▀[38;2;30;53;94m[48;2;103;171;246m▀[38;2;49;71;121m[48;2;24;28;39m▀[38;2;36;54;74m[48;2;118;171;249m▀[38;2;38;47;64m[48;2;33;43;53m▀[38;2;34;43;58m[48;2;39;51;73m▀[38;2;38;47;64m[48;2;46;78;129m▀[38;2;40;106;193m[49m▀[0m [0m [0m [0m [0m [0m [0m [0m [0m
[0m [0m [0m [0m [0m [0m [0m [38;2;22;23;27m[49m▄[38;2;19;20;24m[48;2;23;24;29m▀[38;2;34;35;40m[48;2;23;24;29m▀[38;2;39;40;45m[48;2;35;36;41m▀[38;2;21;22;27m[48;2;22;23;28m▀[38;2;22;23;28m[48;2;35;50;109m▀[38;2;72;57;62m[48;2;25;31;29m▀[38;2;44;36;47m[48;2;32;41;48m▀[38;2;36;53;73m[48;2;90;86;103m▀[38;2;43;72;106m[48;2;36;82;134m▀[38;2;65;93;140m[48;2;17;25;36m▀[38;2;37;59;100m[48;2;26;33;43m▀[38;2;27;36;53m[48;2;55;78;109m▀[38;2;32;36;65m[48;2;23;40;58m▀[38;2;35;47;63m[48;2;33;39;55m▀[38;2;52;76;120m[48;2;41;63;102m▀[0m [0m [0m [0m [0m [0m [0m [0m [0m [0m
[0m [0m [0m [0m [0m [0m [0m [38;2;26;27;32m[48;2;20;21;26m▀[38;2;24;28;39m[48;2;29;30;35m▀[38;2;40;39;45m[48;2;25;24;30m▀[38;2;27;28;33m[48;2;36;37;42m▀[38;2;22;23;28m[48;2;24;25;30m▀[38;2;30;41;35m[48;2;32;33;38m▀[38;2;56;75;108m[48;2;33;41;54m▀[38;2;119;116;143m[48;2;35;79;150m▀[38;2;56;94;157m[48;2;25;75;146m▀[38;2;103;181;253m[48;2;38;53;82m▀[38;2;35;49;58m[48;2;56;70;99m▀[38;2;39;44;63m[48;2;26;30;39m▀[38;2;63;104;170m[48;2;38;59;76m▀[38;2;42;63;118m[48;2;38;56;78m▀[38;2;36;62;75m[48;2;46;75;115m▀[0m [0m [0m [0m [0m [0m [0m [0m [0m [0m [0m
[0m [0m [38;2;36;36;46m[49m▄[0m [38;2;30;31;36m[48;2;23;24;29m▀[38;2;25;26;31m[49m▄[38;2;27;28;33m[48;2;28;32;41m▀[38;2;25;25;35m[48;2;22;30;32m▀[38;2;28;33;37m[48;2;32;32;42m▀[38;2;20;21;26m[48;2;25;26;31m▀[38;2;25;26;31m[48;2;21;22;27m▀[38;2;34;34;44m[48;2;25;29;40m▀[38;2;20;31;51m[48;2;19;23;32m▀[38;2;26;26;36m[48;2;20;22;34m▀[38;2;147;211;255m[48;2;21;28;36m▀[38;2;20;30;39m[48;2;48;53;75m▀[38;2;30;37;53m[48;2;37;51;78m▀[38;2;37;62;92m[48;2;108;130;188m▀[38;2;27;31;42m[48;2;44;65;84m▀[38;2;35;46;68m[48;2;35;46;66m▀[38;2;45;61;87m[48;2;138;202;214m▀[38;2;36;69;102m[48;2;54;46;57m▀[38;2;35;56;85m[48;2;44;63;103m▀[38;2;88;156;217m[49m▄[38;2;134;235;253m[49m▄[38;2;42;70;110m[49m▄[0m [0m [0m [0m [0m [0m [0m
[0m [38;2;42;45;54m[49m▄[38;2;29;30;35m[48;2;36;37;42m▀[38;2;40;39;45m[48;2;29;33;45m▀[38;2;30;31;35m[48;2;31;35;46m▀[38;2;21;28;34m[48;2;34;40;52m▀[38;2;31;32;37m[48;2;33;35;47m▀[38;2;29;30;35m[48;2;52;64;90m▀[38;2;43;43;55m[48;2;35;38;55m▀[38;2;22;25;42m[48;2;29;40;62m▀[38;2;53;57;82m[48;2;40;58;96m▀[38;2;39;42;59m[48;2;45;46;74m▀[38;2;32;36;48m[48;2;30;39;54m▀[38;2;34;40;54m[48;2;33;39;55m▀[38;2;27;35;48m[48;2;43;44;62m▀[38;2;19;40;61m[48;2;24;36;50m▀[38;2;30;39;56m[48;2;34;41;59m▀[38;2;28;36;57m[48;2;38;53;86m▀[38;2;24;34;44m[48;2;32;40;76m▀[38;2;169;225;255m[48;2;34;47;64m▀[38;2;56;76;127m[48;2;35;72;117m▀[38;2;58;110;170m[48;2;21;59;121m▀[38;2;44;46;59m[48;2;40;55;84m▀[38;2;39;56;84m[49m▄[38;2;88;150;253m[48;2;32;53;80m▀[38;2;184;255;255m[48;2;41;66;106m▀[38;2;81;120;223m[48;2;74;117;217m▀[38;2;40;78;114m[48;2;167;252;255m▀[38;2;59;82;123m[49m▄[38;2;83;125;211m[49m▀[0m [0m [0m
[0m [38;2;26;27;32m[49m▄[38;2;29;30;34m[48;2;24;28;37m▀[38;2;32;32;42m[48;2;34;45;47m▀[38;2;25;29;38m[48;2;47;46;62m▀[38;2;62;72;123m[48;2;162;254;253m▀[38;2;30;38;59m[48;2;28;38;50m▀[38;2;51;71;130m[48;2;35;39;51m▀[38;2;130;242;255m[48;2;29;35;49m▀[38;2;133;236;255m[48;2;18;34;57m▀[38;2;142;239;255m[48;2;24;30;46m▀[38;2;139;225;255m[48;2;31;48;74m▀[38;2;60;128;213m[48;2;21;29;40m▀[38;2;58;136;211m[48;2;34;42;53m▀[38;2;166;254;255m[48;2;31;42;64m▀[38;2;36;101;181m[48;2;36;44;63m▀[38;2;61;90;166m[48;2;137;217;254m▀[38;2;100;155;255m[48;2;44;81;136m▀[38;2;35;63;84m[49m▀[38;2;93;156;236m[49m▀[38;2;36;108;184m[48;2;32;41;58m▀[38;2;152;210;248m[48;2;42;54;70m▀[38;2;50;72;122m[48;2;33;50;70m▀[38;2;70;104;165m[48;2;185;253;255m▀[38;2;32;46;72m[48;2;152;211;255m▀[38;2;63;95;146m[48;2;85;131;219m▀[38;2;55;102;170m[48;2;67;106;165m▀[38;2;47;78;124m[48;2;113;181;252m▀[38;2;110;203;255m[48;2;54;95;151m▀[38;2;127;216;255m[49m▀[38;2;126;179;255m[49m▀[0m [0m
[0m [38;2;25;26;31m[48;2;29;30;35m▀[38;2;139;190;255m[48;2;25;25;37m▀[38;2;28;34;50m[48;2;23;37;50m▀[38;2;24;34;43m[48;2;27;31;42m▀[38;2;34;43;58m[48;2;26;32;46m▀[38;2;23;27;39m[48;2;26;30;41m▀[38;2;25;29;40m[48;2;23;24;29m▀[38;2;25;29;40m[48;2;24;24;32m▀[38;2;26;29;36m[48;2;23;27;30m▀[38;2;30;34;45m[48;2;28;38;50m▀[38;2;27;31;43m[48;2;18;34;67m▀[38;2;38;44;58m[48;2;32;53;100m▀[38;2;25;29;41m[48;2;31;38;54m▀[38;2;30;36;50m[48;2;41;33;82m▀[38;2;33;41;64m[48;2;29;35;51m▀[38;2;28;36;47m[48;2;30;37;55m▀[38;2;26;37;59m[48;2;29;35;51m▀[38;2;31;44;63m[48;2;31;37;53m▀[38;2;29;36;52m[49m▄[38;2;32;41;58m[48;2;57;65;84m▀[38;2;40;51;71m[48;2;60;74;111m▀[38;2;34;52;76m[48;2;42;53;75m▀[38;2;43;55;79m[49m▄[38;2;66;85;118m[49m▄[38;2;138;205;255m[49m▀[38;2;98;158;255m[48;2;89;135;220m▀[38;2;61;103;163m[48;2;35;55;92m▀[38;2;89;130;209m[48;2;80;122;194m▀[38;2;134;218;255m[49m▄[38;2;150;254;253m[48;2;156;242;255m▀[0m [0m
[0m [38;2;28;29;34m[48;2;40;54;83m▀[38;2;25;32;40m[48;2;26;30;42m▀[38;2;32;48;73m[48;2;34;49;82m▀[38;2;32;44;66m[48;2;35;55;105m▀[38;2;25;29;41m[48;2;30;36;50m▀[38;2;43;45;68m[48;2;27;31;42m▀[38;2;26;45;78m[48;2;26;30;42m▀[38;2;29;44;65m[48;2;29;35;47m▀[38;2;39;64;95m[48;2;23;31;42m▀[38;2;38;55;83m[48;2;27;31;43m▀[38;2;33;45;59m[48;2;24;36;50m▀[38;2;43;64;85m[48;2;28;40;52m▀[38;2;54;77;111m[48;2;41;52;84m▀[38;2;39;48;87m[48;2;24;37;54m▀[38;2;33;53;80m[48;2;46;61;90m▀[38;2;48;51;66m[48;2;43;57;92m▀[38;2;28;52;100m[48;2;51;70;112m▀[38;2;61;89;136m[48;2;23;36;53m▀[38;2;31;43;57m[48;2;77;114;166m▀[38;2;33;48;79m[48;2;77;147;233m▀[38;2;23;37;64m[48;2;80;131;214m▀[38;2;47;54;82m[48;2;78;117;184m▀[38;2;56;76;109m[48;2;41;49;70m▀[38;2;42;60;82m[48;2;47;59;81m▀[38;2;40;54;83m[48;2;52;68;101m▀[38;2;84;122;184m[48;2;57;81;129m▀[38;2;96;138;236m[48;2;48;82;130m▀[38;2;59;90;147m[48;2;98;135;213m▀[38;2;76;115;194m[48;2;106;163;252m▀[38;2;67;106;147m[49m▀[0m [0m
[0m [38;2;34;42;55m[48;2;25;26;31m▀[38;2;39;50;70m[48;2;29;41;55m▀[38;2;45;61;95m[48;2;27;33;45m▀[38;2;37;53;78m[48;2;39;48;77m▀[38;2;29;33;45m[48;2;24;28;39m▀[38;2;27;31;42m[48;2;25;29;40m▀[38;2;22;26;37m[48;2;40;44;55m▀[38;2;29;33;44m[48;2;29;33;44m▀[38;2;27;33;49m[48;2;40;44;56m▀[38;2;31;35;47m[48;2;23;27;38m▀[38;2;24;33;50m[48;2;30;36;52m▀[38;2;28;35;51m[48;2;30;39;54m▀[38;2;25;32;48m[48;2;31;40;55m▀[38;2;31;47;73m[48;2;29;38;55m▀[38;2;38;61;95m[48;2;27;37;47m▀[38;2;36;50;77m[48;2;28;40;54m▀[38;2;33;44;64m[48;2;42;60;82m▀[38;2;41;63;100m[49m▄[0m [38;2;33;44;64m[48;2;36;49;68m▀[38;2;47;59;81m[48;2;39;61;100m▀[38;2;48;64;97m[48;2;44;68;104m▀[38;2;48;58;85m[48;2;39;54;83m▀[38;2;34;51;79m[48;2;51;66;95m▀[38;2;56;72;105m[48;2;40;61;92m▀[38;2;49;82;133m[48;2;52;73;116m▀[38;2;61;104;173m[48;2;57;87;125m▀[38;2;47;80;149m[48;2;110;173;253m▀[38;2;148;211;255m[49m▀[0m [0m [0m
[0m [0m [38;2;42;56;85m[49m▀[38;2;36;44;65m[48;2;40;50;77m▀[38;2;33;33;45m[48;2;34;42;53m▀[38;2;27;31;42m[48;2;26;30;41m▀[38;2;27;31;42m[48;2;29;33;44m▀[38;2;40;40;52m[48;2;27;31;42m▀[38;2;23;27;38m[48;2;31;35;47m▀[38;2;31;35;47m[48;2;31;39;50m▀[38;2;27;31;43m[48;2;31;35;47m▀[38;2;27;33;49m[48;2;33;42;59m▀[38;2;28;37;54m[48;2;30;42;58m▀[38;2;31;38;54m[48;2;31;37;53m▀[38;2;33;39;55m[48;2;25;32;48m▀[38;2;38;44;60m[48;2;31;40;57m▀[38;2;28;34;50m[48;2;35;48;65m▀[38;2;28;41;57m[48;2;33;45;67m▀[38;2;44;58;85m[48;2;35;51;76m▀[38;2;55;82;127m[49m▄[38;2;37;50;67m[48;2;31;48;68m▀[38;2;44;59;88m[48;2;42;59;85m▀[38;2;55;83;133m[48;2;73;108;164m▀[38;2;53;69;103m[49m▄[38;2;45;61;86m[48;2;79;94;133m▀[38;2;52;78;113m[48;2;39;65;116m▀[38;2;71;97;181m[48;2;38;65;108m▀[38;2;53;87;133m[48;2;48;67;110m▀[38;2;73;103;157m[48;2;63;106;175m▀[0m [0m [0m [0m
[0m [0m [0m [38;2;0;0;85m[49m▀[38;2;26;33;51m[49m▀[38;2;28;32;44m[48;2;26;35;44m▀[38;2;43;47;58m[48;2;33;37;49m▀[38;2;28;32;43m[48;2;32;36;47m▀[38;2;34;38;49m[48;2;29;33;44m▀[38;2;37;41;53m[48;2;32;36;48m▀[38;2;29;33;44m[48;2;39;43;55m▀[38;2;41;48;64m[48;2;30;34;46m▀[38;2;34;41;57m[48;2;33;48;69m▀[38;2;34;45;63m[48;2;42;55;71m▀[38;2;27;36;53m[48;2;35;48;67m▀[38;2;28;37;54m[48;2;27;36;53m▀[38;2;37;45;64m[48;2;34;43;60m▀[38;2;47;62;85m[48;2;50;70;97m▀[38;2;40;57;83m[48;2;45;65;100m▀[38;2;36;57;84m[48;2;32;43;65m▀[38;2;46;67;98m[48;2;57;73;106m▀[38;2;48;65;95m[48;2;47;64;94m▀[38;2;49;75;132m[48;2;34;65;109m▀[38;2;48;69;96m[48;2;52;78;115m▀[38;2;49;64;95m[48;2;111;142;199m▀[38;2;136;196;255m[49m▀[38;2;49;68;100m[49m▀[38;2;73;105;162m[48;2;56;89;134m▀[38;2;74;120;183m[49m▀[38;2;53;95;155m[48;2;72;104;153m▀[0m [0m [0m
[0m [0m [0m [0m [0m [38;2;47;53;67m[49m▀[38;2;22;26;37m[48;2;27;31;42m▀[38;2;26;30;42m[48;2;24;30;42m▀[38;2;32;36;48m[48;2;28;34;46m▀[38;2;31;35;47m[48;2;28;34;48m▀[38;2;34;42;53m[48;2;39;46;56m▀[38;2;32;36;48m[48;2;31;37;51m▀[38;2;36;48;64m[48;2;33;41;60m▀[38;2;34;47;63m[48;2;43;65;89m▀[38;2;45;53;89m[48;2;30;48;70m▀[38;2;40;54;81m[48;2;41;60;90m▀[38;2;30;43;62m[48;2;30;43;60m▀[38;2;47;64;90m[48;2;42;58;94m▀[38;2;39;56;76m[48;2;31;53;77m▀[38;2;45;63;73m[48;2;59;91;148m▀[38;2;42;66;102m[48;2;52;65;100m▀[38;2;57;108;161m[48;2;71;104;175m▀[38;2;99;164;254m[49m▀[0m [38;2;52;70;106m[49m▀[38;2;54;77;111m[49m▀[38;2;47;67;100m[49m▀[38;2;56;81;122m[49m▀[0m [38;2;68;114;174m[48;2;113;175;253m▀[0m [0m [0m
